Day_Date,vaccinated,vaccinated_cum,vaccinated_population_perc,vaccinated_seconde_dose,vaccinated_seconde_dose_cum,vaccinated_seconde_dose_population_perc,lastUpdate
2020-12-19T00:00:00.000Z,43,63,0.0,0,0,0.0,2021-03-07T19:45:34.990Z
2020-12-20T00:00:00.000Z,7368,7431,0.08,0,0,0.0,2021-03-07T19:45:34.990Z
2020-12-21T00:00:00.000Z,24888,32319,0.35,0,0,0.0,2021-03-07T19:45:34.990Z
2020-12-22T00:00:00.000Z,44654,76973,0.83,0,0,0.0,2021-03-07T19:45:34.990Z
2020-12-23T00:00:00.000Z,62990,139963,1.51,0,0,0.0,2021-03-07T19:45:34.990Z
2020-12-24T00:00:00.000Z,73607,213570,2.3,0,0,0.0,2021-03-07T19:45:34.990Z
2020-12-25T00:00:00.000Z,38761,252331,2.71,0,0,0.0,2021-03-07T19:45:34.990Z
2020-12-26T00:00:00.000Z,32874,285205,3.07,0,0,0.0,2021-03-07T19:45:34.990Z
2020-12-27T00:00:00.000Z,105118,390323,4.2,0,0,0.0,2021-03-07T19:45:34.990Z
2020-12-28T00:00:00.000Z,135939,526262,5.66,0,0,0.0,2021-03-07T19:45:34.990Z
2020-12-29T00:00:00.000Z,157392,683654,7.35,0,0,0.0,2021-03-07T19:45:34.990Z
2020-12-30T00:00:00.000Z,154319,837973,9.01,0,0,0.0,2021-03-07T19:45:34.990Z
2020-12-31T00:00:00.000Z,159662,997635,10.73,0,0,0.0,2021-03-07T19:45:34.990Z
2021-01-01T00:00:00.000Z,72154,1069789,11.5,0,0,0.0,2021-03-07T19:45:34.990Z
2021-01-02T00:00:00.000Z,72429,1142218,12.28,0,0,0.0,2021-03-07T19:45:34.990Z
2021-01-03T00:00:00.000Z,151035,1293253,13.91,0,0,0.0,2021-03-07T19:45:34.990Z
2021-01-04T00:00:00.000Z,153146,1446399,15.55,2,2,0.0,2021-03-07T19:45:34.990Z
2021-01-05T00:00:00.000Z,126770,1573169,16.92,0,2,0.0,2021-03-07T19:45:34.990Z
2021-01-06T00:00:00.000Z,104837,1678006,18.04,0,2,0.0,2021-03-07T19:45:34.990Z
2021-01-07T00:00:00.000Z,117470,1795476,19.31,3,5,0.0,2021-03-07T19:45:34.990Z
2021-01-08T00:00:00.000Z,67146,1862622,20.03,3,8,0.0,2021-03-07T19:45:34.990Z
2021-01-09T00:00:00.000Z,44993,1907615,20.51,22,30,0.0,2021-03-07T19:45:34.990Z
2021-01-10T00:00:00.000Z,38133,1945748,20.92,5981,6011,0.06,2021-03-07T19:45:34.990Z
2021-01-11T00:00:00.000Z,21437,1967185,21.15,19236,25247,0.27,2021-03-07T19:45:34.990Z
2021-01-12T00:00:00.000Z,24270,1991455,21.42,35647,60894,0.65,2021-03-07T19:45:34.990Z
2021-01-13T00:00:00.000Z,52459,2043914,21.98,56924,117818,1.27,2021-03-07T19:45:34.990Z
2021-01-14T00:00:00.000Z,56818,2100732,22.59,68913,186731,2.01,2021-03-07T19:45:34.990Z
2021-01-15T00:00:00.000Z,31001,2131733,22.92,36136,222867,2.4,2021-03-07T19:45:34.990Z
2021-01-16T00:00:00.000Z,29702,2161435,23.24,26199,249066,2.68,2021-03-07T19:45:34.990Z
2021-01-17T00:00:00.000Z,68405,2229840,23.98,84582,333648,3.59,2021-03-07T19:45:34.990Z
2021-01-18T00:00:00.000Z,69514,2299354,24.73,120009,453657,4.88,2021-03-07T19:45:34.990Z
2021-01-19T00:00:00.000Z,72590,2371944,25.51,137328,590985,6.36,2021-03-07T19:45:34.990Z
2021-01-20T00:00:00.000Z,76509,2448453,26.33,143212,734197,7.9,2021-03-07T19:45:34.990Z
2021-01-21T00:00:00.000Z,69521,2517974,27.08,163702,897899,9.66,2021-03-07T19:45:34.990Z
2021-01-22T00:00:00.000Z,37692,2555666,27.48,70833,968732,10.42,2021-03-07T19:45:34.990Z
2021-01-23T00:00:00.000Z,39813,2595479,27.91,53423,1022155,10.99,2021-03-07T19:45:34.990Z
2021-01-24T00:00:00.000Z,68893,2664372,28.65,140175,1162330,12.5,2021-03-07T19:45:34.990Z
2021-01-25T00:00:00.000Z,80681,2745053,29.52,139003,1301333,13.99,2021-03-07T19:45:34.990Z
2021-01-26T00:00:00.000Z,78442,2823495,30.36,125870,1427203,15.35,2021-03-07T19:45:34.990Z
2021-01-27T00:00:00.000Z,77627,2901122,31.2,124510,1551713,16.69,2021-03-07T19:45:34.990Z
2021-01-28T00:00:00.000Z,79347,2980469,32.05,130117,1681830,18.09,2021-03-07T19:45:34.990Z
2021-01-29T00:00:00.000Z,36494,3016963,32.44,64532,1746362,18.78,2021-03-07T19:45:34.990Z
2021-01-30T00:00:00.000Z,34236,3051199,32.81,42633,1788995,19.24,2021-03-07T19:45:34.990Z
2021-01-31T00:00:00.000Z,73102,3124301,33.6,59259,1848254,19.88,2021-03-07T19:45:34.990Z
2021-02-01T00:00:00.000Z,82150,3206451,34.48,35182,1883436,20.25,2021-03-07T19:45:34.990Z
2021-02-02T00:00:00.000Z,69776,3276227,35.23,30875,1914311,20.59,2021-03-07T19:45:34.990Z
2021-02-03T00:00:00.000Z,59994,3336221,35.88,51137,1965448,21.14,2021-03-07T19:45:34.990Z
2021-02-04T00:00:00.000Z,72329,3408550,36.65,57821,2023269,21.76,2021-03-07T19:45:34.990Z
2021-02-05T00:00:00.000Z,33749,3442299,37.02,28619,2051888,22.07,2021-03-07T19:45:34.990Z
2021-02-06T00:00:00.000Z,21508,3463807,37.25,22112,2074000,22.3,2021-03-07T19:45:34.990Z
2021-02-07T00:00:00.000Z,54133,3517940,37.83,68168,2142168,23.04,2021-03-07T19:45:34.990Z
2021-02-08T00:00:00.000Z,58671,3576611,38.46,64817,2206985,23.73,2021-03-07T19:45:34.990Z
2021-02-09T00:00:00.000Z,66306,3642917,39.17,66880,2273865,24.45,2021-03-07T19:45:34.990Z
2021-02-10T00:00:00.000Z,70268,3713185,39.93,71776,2345641,25.22,2021-03-07T19:45:34.990Z
2021-02-11T00:00:00.000Z,80753,3793938,40.8,71398,2417039,25.99,2021-03-07T19:45:34.990Z
2021-02-12T00:00:00.000Z,38896,3832834,41.22,37352,2454391,26.39,2021-03-07T19:45:34.990Z
2021-02-13T00:00:00.000Z,27363,3860197,41.51,30300,2484691,26.72,2021-03-07T19:45:34.990Z
2021-02-14T00:00:00.000Z,74486,3934683,42.31,68730,2553421,27.46,2021-03-07T19:45:34.990Z
2021-02-15T00:00:00.000Z,81084,4015767,43.18,75330,2628751,28.27,2021-03-07T19:45:34.990Z
2021-02-16T00:00:00.000Z,83135,4098902,44.08,77867,2706618,29.11,2021-03-07T19:45:34.990Z
2021-02-17T00:00:00.000Z,61549,4160451,44.74,75152,2781770,29.91,2021-03-07T19:45:34.990Z
2021-02-18T00:00:00.000Z,68787,4229238,45.48,79223,2860993,30.77,2021-03-07T19:45:34.990Z
2021-02-19T00:00:00.000Z,39473,4268711,45.9,37913,2898906,31.17,2021-03-07T19:45:34.990Z
2021-02-20T00:00:00.000Z,31506,4300217,46.24,28518,2927424,31.48,2021-03-07T19:45:34.990Z
2021-02-21T00:00:00.000Z,79076,4379293,47.09,78175,3005599,32.32,2021-03-07T19:45:34.990Z
2021-02-22T00:00:00.000Z,84644,4463937,48.0,79961,3085560,33.18,2021-03-07T19:45:34.990Z
2021-02-23T00:00:00.000Z,76953,4540890,48.83,69900,3155460,33.93,2021-03-07T19:45:34.990Z
2021-02-24T00:00:00.000Z,60714,4601604,49.48,62587,3218047,34.61,2021-03-07T19:45:34.990Z
2021-02-25T00:00:00.000Z,51176,4652780,50.03,64226,3282273,35.3,2021-03-07T19:45:34.990Z
2021-02-26T00:00:00.000Z,24845,4677625,50.3,30935,3313208,35.63,2021-03-07T19:45:34.990Z
2021-02-27T00:00:00.000Z,17455,4695080,50.49,20380,3333588,35.85,2021-03-07T19:45:34.990Z
2021-02-28T00:00:00.000Z,39064,4734144,50.91,53852,3387440,36.43,2021-03-07T19:45:34.990Z
2021-03-01T00:00:00.000Z,45462,4779606,51.4,61022,3448462,37.08,2021-03-07T19:45:34.990Z
2021-03-02T00:00:00.000Z,40903,4820509,51.84,64299,3512761,37.77,2021-03-07T19:45:34.990Z
2021-03-03T00:00:00.000Z,42000,4862509,52.29,66179,3578940,38.49,2021-03-07T19:45:34.990Z
2021-03-04T00:00:00.000Z,39113,4901622,52.71,76155,3655095,39.31,2021-03-07T19:45:34.990Z
2021-03-05T00:00:00.000Z,17179,4918801,52.89,36407,3691502,39.7,2021-03-07T19:45:34.990Z
2021-03-06T00:00:00.000Z,10672,4929473,53.01,25206,3716708,39.97,2021-03-07T19:45:34.990Z
2021-03-07T00:00:00.000Z,27501,4956974,53.3,32614,3749322,40.32,2021-03-07T19:45:34.990Z
