name,amount,lastUpdate
home,23114,2020-08-20T07:18:04.130Z
hospital,799,2020-08-20T07:18:04.130Z
