Day_Date,vaccinated,vaccinated_cum,vaccinated_population_perc,vaccinated_seconde_dose,vaccinated_seconde_dose_cum,vaccinated_seconde_dose_population_perc,lastUpdate
2020-12-19T00:00:00.000Z,40,57,0.0,0,0,0.0,2021-01-27T19:14:37.080Z
2020-12-20T00:00:00.000Z,7302,7359,0.08,0,0,0.0,2021-01-27T19:14:37.080Z
2020-12-21T00:00:00.000Z,24726,32085,0.35,0,0,0.0,2021-01-27T19:14:37.080Z
2020-12-22T00:00:00.000Z,44165,76250,0.83,0,0,0.0,2021-01-27T19:14:37.080Z
2020-12-23T00:00:00.000Z,61512,137762,1.49,0,0,0.0,2021-01-27T19:14:37.080Z
2020-12-24T00:00:00.000Z,71943,209705,2.28,0,0,0.0,2021-01-27T19:14:37.080Z
2020-12-25T00:00:00.000Z,37685,247390,2.68,0,0,0.0,2021-01-27T19:14:37.080Z
2020-12-26T00:00:00.000Z,31972,279362,3.03,0,0,0.0,2021-01-27T19:14:37.080Z
2020-12-27T00:00:00.000Z,102558,381920,4.14,0,0,0.0,2021-01-27T19:14:37.080Z
2020-12-28T00:00:00.000Z,131840,513760,5.58,0,0,0.0,2021-01-27T19:14:37.080Z
2020-12-29T00:00:00.000Z,153402,667162,7.24,0,0,0.0,2021-01-27T19:14:37.080Z
2020-12-30T00:00:00.000Z,149491,816653,8.86,0,0,0.0,2021-01-27T19:14:37.080Z
2020-12-31T00:00:00.000Z,155132,971785,10.55,0,0,0.0,2021-01-27T19:14:37.080Z
2021-01-01T00:00:00.000Z,70366,1042151,11.31,0,0,0.0,2021-01-27T19:14:37.080Z
2021-01-02T00:00:00.000Z,70756,1112907,12.08,0,0,0.0,2021-01-27T19:14:37.080Z
2021-01-03T00:00:00.000Z,145563,1258470,13.66,0,0,0.0,2021-01-27T19:14:37.080Z
2021-01-04T00:00:00.000Z,139295,1397765,15.17,2,2,0.0,2021-01-27T19:14:37.080Z
2021-01-05T00:00:00.000Z,122642,1520407,16.5,0,2,0.0,2021-01-27T19:14:37.080Z
2021-01-06T00:00:00.000Z,100500,1620907,17.59,0,2,0.0,2021-01-27T19:14:37.080Z
2021-01-07T00:00:00.000Z,113260,1734167,18.82,4,6,0.0,2021-01-27T19:14:37.080Z
2021-01-08T00:00:00.000Z,65170,1799337,19.53,5,11,0.0,2021-01-27T19:14:37.080Z
2021-01-09T00:00:00.000Z,43828,1843165,20.0,26,37,0.0,2021-01-27T19:14:37.080Z
2021-01-10T00:00:00.000Z,36803,1879968,20.4,5952,5989,0.07,2021-01-27T19:14:37.080Z
2021-01-11T00:00:00.000Z,20271,1900239,20.62,19041,25030,0.27,2021-01-27T19:14:37.080Z
2021-01-12T00:00:00.000Z,23445,1923684,20.88,35083,60113,0.65,2021-01-27T19:14:37.080Z
2021-01-13T00:00:00.000Z,51140,1974824,21.43,55447,115560,1.25,2021-01-27T19:14:37.080Z
2021-01-14T00:00:00.000Z,55651,2030475,22.04,67226,182786,1.98,2021-01-27T19:14:37.080Z
2021-01-15T00:00:00.000Z,30411,2060886,22.36,35074,217860,2.36,2021-01-27T19:14:37.080Z
2021-01-16T00:00:00.000Z,29155,2090041,22.68,25447,243307,2.64,2021-01-27T19:14:37.080Z
2021-01-17T00:00:00.000Z,67785,2157826,23.42,82437,325744,3.54,2021-01-27T19:14:37.080Z
2021-01-18T00:00:00.000Z,69642,2227468,24.17,116722,442466,4.8,2021-01-27T19:14:37.080Z
2021-01-19T00:00:00.000Z,72748,2300216,24.96,134116,576582,6.26,2021-01-27T19:14:37.080Z
2021-01-20T00:00:00.000Z,77388,2377604,25.8,138853,715435,7.76,2021-01-27T19:14:37.080Z
2021-01-21T00:00:00.000Z,71293,2448897,26.58,158055,873490,9.48,2021-01-27T19:14:37.080Z
2021-01-22T00:00:00.000Z,38866,2487763,27.0,69060,942550,10.23,2021-01-27T19:14:37.080Z
2021-01-23T00:00:00.000Z,40625,2528388,27.44,52160,994710,10.79,2021-01-27T19:14:37.080Z
2021-01-24T00:00:00.000Z,71213,2599601,28.21,135017,1129727,12.26,2021-01-27T19:14:37.080Z
2021-01-25T00:00:00.000Z,88446,2688047,29.17,128831,1258558,13.66,2021-01-27T19:14:37.080Z
2021-01-26T00:00:00.000Z,80437,2768484,30.04,119392,1377950,14.95,2021-01-27T19:14:37.080Z
2021-01-27T00:00:00.000Z,38975,2807459,30.47,74540,1452490,15.76,2021-01-27T19:14:37.080Z
