Day_Date,vaccinated,vaccinated_cum,vaccinated_population_perc,vaccinated_seconde_dose,vaccinated_seconde_dose_cum,vaccinated_seconde_dose_population_perc,lastUpdate
2020-12-19T00:00:00.000Z,43,61,0.0,0,0,0.0,2021-04-11T05:22:09.037Z
2020-12-20T00:00:00.000Z,7372,7433,0.08,0,0,0.0,2021-04-11T05:22:09.037Z
2020-12-21T00:00:00.000Z,24872,32305,0.35,0,0,0.0,2021-04-11T05:22:09.037Z
2020-12-22T00:00:00.000Z,44612,76917,0.83,0,0,0.0,2021-04-11T05:22:09.037Z
2020-12-23T00:00:00.000Z,62817,139734,1.5,0,0,0.0,2021-04-11T05:22:09.037Z
2020-12-24T00:00:00.000Z,73296,213030,2.29,0,0,0.0,2021-04-11T05:22:09.037Z
2020-12-25T00:00:00.000Z,38437,251467,2.7,0,0,0.0,2021-04-11T05:22:09.037Z
2020-12-26T00:00:00.000Z,32553,284020,3.05,0,0,0.0,2021-04-11T05:22:09.037Z
2020-12-27T00:00:00.000Z,104285,388305,4.18,0,0,0.0,2021-04-11T05:22:09.037Z
2020-12-28T00:00:00.000Z,134709,523014,5.62,0,0,0.0,2021-04-11T05:22:09.037Z
2020-12-29T00:00:00.000Z,155815,678829,7.3,0,0,0.0,2021-04-11T05:22:09.037Z
2020-12-30T00:00:00.000Z,152585,831414,8.94,0,0,0.0,2021-04-11T05:22:09.037Z
2020-12-31T00:00:00.000Z,158002,989416,10.64,0,0,0.0,2021-04-11T05:22:09.037Z
2021-01-01T00:00:00.000Z,71162,1060578,11.4,0,0,0.0,2021-04-11T05:22:09.037Z
2021-01-02T00:00:00.000Z,71555,1132133,12.17,0,0,0.0,2021-04-11T05:22:09.037Z
2021-01-03T00:00:00.000Z,149257,1281390,13.78,0,0,0.0,2021-04-11T05:22:09.037Z
2021-01-04T00:00:00.000Z,151698,1433088,15.41,2,2,0.0,2021-04-11T05:22:09.037Z
2021-01-05T00:00:00.000Z,124699,1557787,16.75,0,2,0.0,2021-04-11T05:22:09.037Z
2021-01-06T00:00:00.000Z,102906,1660693,17.86,0,2,0.0,2021-04-11T05:22:09.037Z
2021-01-07T00:00:00.000Z,115638,1776331,19.1,3,5,0.0,2021-04-11T05:22:09.037Z
2021-01-08T00:00:00.000Z,66206,1842537,19.81,3,8,0.0,2021-04-11T05:22:09.037Z
2021-01-09T00:00:00.000Z,44407,1886944,20.29,22,30,0.0,2021-04-11T05:22:09.037Z
2021-01-10T00:00:00.000Z,37481,1924425,20.69,5986,6016,0.06,2021-04-11T05:22:09.037Z
2021-01-11T00:00:00.000Z,20981,1945406,20.92,19225,25241,0.27,2021-04-11T05:22:09.037Z
2021-01-12T00:00:00.000Z,23829,1969235,21.18,35629,60870,0.65,2021-04-11T05:22:09.037Z
2021-01-13T00:00:00.000Z,51828,2021063,21.73,56799,117669,1.27,2021-04-11T05:22:09.037Z
2021-01-14T00:00:00.000Z,56214,2077277,22.34,68722,186391,2.0,2021-04-11T05:22:09.037Z
2021-01-15T00:00:00.000Z,30554,2107831,22.67,35866,222257,2.39,2021-04-11T05:22:09.037Z
2021-01-16T00:00:00.000Z,29322,2137153,22.98,25959,248216,2.67,2021-04-11T05:22:09.037Z
2021-01-17T00:00:00.000Z,68211,2205364,23.72,84400,332616,3.58,2021-04-11T05:22:09.037Z
2021-01-18T00:00:00.000Z,69489,2274853,24.46,120157,452773,4.87,2021-04-11T05:22:09.037Z
2021-01-19T00:00:00.000Z,72552,2347405,25.24,137453,590226,6.35,2021-04-11T05:22:09.037Z
2021-01-20T00:00:00.000Z,76505,2423910,26.07,143328,733554,7.89,2021-04-11T05:22:09.037Z
2021-01-21T00:00:00.000Z,69563,2493473,26.81,163840,897394,9.65,2021-04-11T05:22:09.037Z
2021-01-22T00:00:00.000Z,37698,2531171,27.22,70880,968274,10.41,2021-04-11T05:22:09.037Z
2021-01-23T00:00:00.000Z,39830,2571001,27.65,53450,1021724,10.99,2021-04-11T05:22:09.037Z
2021-01-24T00:00:00.000Z,68912,2639913,28.39,140276,1162000,12.5,2021-04-11T05:22:09.037Z
2021-01-25T00:00:00.000Z,80701,2720614,29.26,139107,1301107,13.99,2021-04-11T05:22:09.037Z
2021-01-26T00:00:00.000Z,78466,2799080,30.1,125992,1427099,15.35,2021-04-11T05:22:09.037Z
2021-01-27T00:00:00.000Z,77667,2876747,30.94,124648,1551747,16.69,2021-04-11T05:22:09.037Z
2021-01-28T00:00:00.000Z,79368,2956115,31.79,130228,1681975,18.09,2021-04-11T05:22:09.037Z
2021-01-29T00:00:00.000Z,36506,2992621,32.18,64585,1746560,18.78,2021-04-11T05:22:09.037Z
2021-01-30T00:00:00.000Z,34271,3026892,32.55,42647,1789207,19.24,2021-04-11T05:22:09.037Z
2021-01-31T00:00:00.000Z,73120,3100012,33.34,59309,1848516,19.88,2021-04-11T05:22:09.037Z
2021-02-01T00:00:00.000Z,82196,3182208,34.22,35195,1883711,20.26,2021-04-11T05:22:09.037Z
2021-02-02T00:00:00.000Z,69802,3252010,34.97,30903,1914614,20.59,2021-04-11T05:22:09.037Z
2021-02-03T00:00:00.000Z,60028,3312038,35.62,51231,1965845,21.14,2021-04-11T05:22:09.037Z
2021-02-04T00:00:00.000Z,72345,3384383,36.39,57879,2023724,21.76,2021-04-11T05:22:09.037Z
2021-02-05T00:00:00.000Z,33758,3418141,36.76,28636,2052360,22.07,2021-04-11T05:22:09.037Z
2021-02-06T00:00:00.000Z,21519,3439660,36.99,22128,2074488,22.31,2021-04-11T05:22:09.037Z
2021-02-07T00:00:00.000Z,53907,3493567,37.57,68499,2142987,23.04,2021-04-11T05:22:09.037Z
2021-02-08T00:00:00.000Z,58442,3552009,38.2,65168,2208155,23.75,2021-04-11T05:22:09.037Z
2021-02-09T00:00:00.000Z,66045,3618054,38.91,67232,2275387,24.47,2021-04-11T05:22:09.037Z
2021-02-10T00:00:00.000Z,70259,3688313,39.66,71904,2347291,25.24,2021-04-11T05:22:09.037Z
2021-02-11T00:00:00.000Z,80814,3769127,40.53,71482,2418773,26.01,2021-04-11T05:22:09.037Z
2021-02-12T00:00:00.000Z,38912,3808039,40.95,37394,2456167,26.41,2021-04-11T05:22:09.037Z
2021-02-13T00:00:00.000Z,27367,3835406,41.24,30332,2486499,26.74,2021-04-11T05:22:09.037Z
2021-02-14T00:00:00.000Z,74642,3910048,42.05,68823,2555322,27.48,2021-04-11T05:22:09.037Z
2021-02-15T00:00:00.000Z,81270,3991318,42.92,75426,2630748,28.29,2021-04-11T05:22:09.037Z
2021-02-16T00:00:00.000Z,83273,4074591,43.82,77993,2708741,29.13,2021-04-11T05:22:09.037Z
2021-02-17T00:00:00.000Z,61755,4136346,44.48,75283,2784024,29.94,2021-04-11T05:22:09.037Z
2021-02-18T00:00:00.000Z,68950,4205296,45.22,79431,2863455,30.79,2021-04-11T05:22:09.037Z
2021-02-19T00:00:00.000Z,39543,4244839,45.65,37967,2901422,31.2,2021-04-11T05:22:09.037Z
2021-02-20T00:00:00.000Z,31568,4276407,45.99,28628,2930050,31.51,2021-04-11T05:22:09.037Z
2021-02-21T00:00:00.000Z,79274,4355681,46.84,78267,3008317,32.35,2021-04-11T05:22:09.037Z
2021-02-22T00:00:00.000Z,84844,4440525,47.75,80259,3088576,33.21,2021-04-11T05:22:09.037Z
2021-02-23T00:00:00.000Z,77162,4517687,48.58,70138,3158714,33.97,2021-04-11T05:22:09.037Z
2021-02-24T00:00:00.000Z,60844,4578531,49.24,62783,3221497,34.64,2021-04-11T05:22:09.037Z
2021-02-25T00:00:00.000Z,51477,4630008,49.79,64485,3285982,35.34,2021-04-11T05:22:09.037Z
2021-02-26T00:00:00.000Z,25729,4655737,50.07,31858,3317840,35.68,2021-04-11T05:22:09.037Z
2021-02-27T00:00:00.000Z,18254,4673991,50.26,21109,3338949,35.91,2021-04-11T05:22:09.037Z
2021-02-28T00:00:00.000Z,40297,4714288,50.7,55628,3394577,36.5,2021-04-11T05:22:09.037Z
2021-03-01T00:00:00.000Z,45521,4759809,51.18,61214,3455791,37.16,2021-04-11T05:22:09.037Z
2021-03-02T00:00:00.000Z,41008,4800817,51.63,64428,3520219,37.85,2021-04-11T05:22:09.037Z
2021-03-03T00:00:00.000Z,42006,4842823,52.08,66458,3586677,38.57,2021-04-11T05:22:09.037Z
2021-03-04T00:00:00.000Z,39509,4882332,52.5,78749,3665426,39.42,2021-04-11T05:22:09.037Z
2021-03-05T00:00:00.000Z,17192,4899524,52.69,40281,3705707,39.85,2021-04-11T05:22:09.037Z
2021-03-06T00:00:00.000Z,10692,4910216,52.8,25246,3730953,40.12,2021-04-11T05:22:09.037Z
2021-03-07T00:00:00.000Z,31000,4941216,53.14,72564,3803517,40.9,2021-04-11T05:22:09.037Z
2021-03-08T00:00:00.000Z,27343,4968559,53.43,72898,3876415,41.69,2021-04-11T05:22:09.037Z
2021-03-09T00:00:00.000Z,26627,4995186,53.72,76399,3952814,42.51,2021-04-11T05:22:09.037Z
2021-03-10T00:00:00.000Z,23109,5018295,53.96,58446,4011260,43.14,2021-04-11T05:22:09.037Z
2021-03-11T00:00:00.000Z,23101,5041396,54.21,68819,4080079,43.88,2021-04-11T05:22:09.037Z
2021-03-12T00:00:00.000Z,11109,5052505,54.33,41262,4121341,44.32,2021-04-11T05:22:09.037Z
2021-03-13T00:00:00.000Z,7892,5060397,54.42,25158,4146499,44.59,2021-04-11T05:22:09.037Z
2021-03-14T00:00:00.000Z,20895,5081292,54.64,73742,4220241,45.38,2021-04-11T05:22:09.037Z
2021-03-15T00:00:00.000Z,19956,5101248,54.86,77927,4298168,46.22,2021-04-11T05:22:09.037Z
2021-03-16T00:00:00.000Z,18581,5119829,55.06,71280,4369448,46.99,2021-04-11T05:22:09.037Z
2021-03-17T00:00:00.000Z,17500,5137329,55.24,58774,4428222,47.62,2021-04-11T05:22:09.037Z
2021-03-18T00:00:00.000Z,15928,5153257,55.42,57911,4486133,48.24,2021-04-11T05:22:09.037Z
2021-03-19T00:00:00.000Z,6750,5160007,55.49,27835,4513968,48.54,2021-04-11T05:22:09.037Z
2021-03-20T00:00:00.000Z,5134,5165141,55.54,15197,4529165,48.7,2021-04-11T05:22:09.037Z
2021-03-21T00:00:00.000Z,12965,5178106,55.68,40280,4569445,49.14,2021-04-11T05:22:09.037Z
2021-03-22T00:00:00.000Z,13180,5191286,55.82,40218,4609663,49.57,2021-04-11T05:22:09.037Z
2021-03-23T00:00:00.000Z,2570,5193856,55.85,7139,4616802,49.65,2021-04-11T05:22:09.037Z
2021-03-24T00:00:00.000Z,10673,5204529,55.97,46174,4662976,50.14,2021-04-11T05:22:09.037Z
2021-03-25T00:00:00.000Z,9925,5214454,56.07,35113,4698089,50.52,2021-04-11T05:22:09.037Z
2021-03-26T00:00:00.000Z,3982,5218436,56.12,13189,4711278,50.66,2021-04-11T05:22:09.037Z
2021-03-27T00:00:00.000Z,1707,5220143,56.13,4187,4715465,50.71,2021-04-11T05:22:09.037Z
2021-03-28T00:00:00.000Z,2028,5222171,56.16,4545,4720010,50.76,2021-04-11T05:22:09.037Z
2021-03-29T00:00:00.000Z,6795,5228966,56.23,30076,4750086,51.08,2021-04-11T05:22:09.037Z
2021-03-30T00:00:00.000Z,7794,5236760,56.31,22250,4772336,51.32,2021-04-11T05:22:09.037Z
2021-03-31T00:00:00.000Z,8003,5244763,56.4,19278,4791614,51.53,2021-04-11T05:22:09.037Z
2021-04-01T00:00:00.000Z,8030,5252793,56.49,18524,4810138,51.73,2021-04-11T05:22:09.037Z
2021-04-02T00:00:00.000Z,2755,5255548,56.52,7953,4818091,51.81,2021-04-11T05:22:09.037Z
2021-04-03T00:00:00.000Z,1331,5256879,56.53,2871,4820962,51.84,2021-04-11T05:22:09.037Z
2021-04-04T00:00:00.000Z,11845,5268724,56.66,22701,4843663,52.09,2021-04-11T05:22:09.037Z
2021-04-05T00:00:00.000Z,9810,5278534,56.76,20320,4863983,52.3,2021-04-11T05:22:09.037Z
2021-04-06T00:00:00.000Z,8550,5287084,56.85,16303,4880286,52.48,2021-04-11T05:22:09.037Z
2021-04-07T00:00:00.000Z,8666,5295750,56.95,14981,4895267,52.64,2021-04-11T05:22:09.037Z
2021-04-08T00:00:00.000Z,9346,5305096,57.05,16807,4912074,52.82,2021-04-11T05:22:09.037Z
2021-04-09T00:00:00.000Z,3536,5308632,57.09,6047,4918121,52.89,2021-04-11T05:22:09.037Z
2021-04-10T00:00:00.000Z,1584,5310216,57.1,3527,4921648,52.92,2021-04-11T05:22:09.037Z
2021-04-11T00:00:00.000Z,0,5310216,57.1,0,4921648,52.92,2021-04-11T05:22:09.037Z
