Day_Date,vaccinated,vaccinated_cum,vaccinated_population_perc,vaccinated_seconde_dose,vaccinated_seconde_dose_cum,vaccinated_seconde_dose_population_perc,lastUpdate
2020-12-19T00:00:00.000Z,43,61,0.0,0,0,0.0,2021-04-04T06:25:41.347Z
2020-12-20T00:00:00.000Z,7372,7433,0.08,0,0,0.0,2021-04-04T06:25:41.347Z
2020-12-21T00:00:00.000Z,24871,32304,0.35,0,0,0.0,2021-04-04T06:25:41.347Z
2020-12-22T00:00:00.000Z,44610,76914,0.83,0,0,0.0,2021-04-04T06:25:41.347Z
2020-12-23T00:00:00.000Z,62814,139728,1.5,0,0,0.0,2021-04-04T06:25:41.347Z
2020-12-24T00:00:00.000Z,73293,213021,2.29,0,0,0.0,2021-04-04T06:25:41.347Z
2020-12-25T00:00:00.000Z,38438,251459,2.7,0,0,0.0,2021-04-04T06:25:41.347Z
2020-12-26T00:00:00.000Z,32552,284011,3.05,0,0,0.0,2021-04-04T06:25:41.347Z
2020-12-27T00:00:00.000Z,104281,388292,4.18,0,0,0.0,2021-04-04T06:25:41.347Z
2020-12-28T00:00:00.000Z,134719,523011,5.62,0,0,0.0,2021-04-04T06:25:41.347Z
2020-12-29T00:00:00.000Z,155830,678841,7.3,0,0,0.0,2021-04-04T06:25:41.347Z
2020-12-30T00:00:00.000Z,152593,831434,8.94,0,0,0.0,2021-04-04T06:25:41.347Z
2020-12-31T00:00:00.000Z,158002,989436,10.64,0,0,0.0,2021-04-04T06:25:41.347Z
2021-01-01T00:00:00.000Z,71165,1060601,11.41,0,0,0.0,2021-04-04T06:25:41.347Z
2021-01-02T00:00:00.000Z,71552,1132153,12.17,0,0,0.0,2021-04-04T06:25:41.347Z
2021-01-03T00:00:00.000Z,149255,1281408,13.78,0,0,0.0,2021-04-04T06:25:41.347Z
2021-01-04T00:00:00.000Z,151699,1433107,15.41,2,2,0.0,2021-04-04T06:25:41.347Z
2021-01-05T00:00:00.000Z,124698,1557805,16.75,0,2,0.0,2021-04-04T06:25:41.347Z
2021-01-06T00:00:00.000Z,102908,1660713,17.86,0,2,0.0,2021-04-04T06:25:41.347Z
2021-01-07T00:00:00.000Z,115632,1776345,19.1,3,5,0.0,2021-04-04T06:25:41.347Z
2021-01-08T00:00:00.000Z,66205,1842550,19.81,3,8,0.0,2021-04-04T06:25:41.347Z
2021-01-09T00:00:00.000Z,44411,1886961,20.29,22,30,0.0,2021-04-04T06:25:41.347Z
2021-01-10T00:00:00.000Z,37484,1924445,20.69,5985,6015,0.06,2021-04-04T06:25:41.347Z
2021-01-11T00:00:00.000Z,20987,1945432,20.92,19223,25238,0.27,2021-04-04T06:25:41.347Z
2021-01-12T00:00:00.000Z,23829,1969261,21.18,35625,60863,0.65,2021-04-04T06:25:41.347Z
2021-01-13T00:00:00.000Z,51825,2021086,21.73,56794,117657,1.27,2021-04-04T06:25:41.347Z
2021-01-14T00:00:00.000Z,56215,2077301,22.34,68716,186373,2.0,2021-04-04T06:25:41.347Z
2021-01-15T00:00:00.000Z,30559,2107860,22.67,35864,222237,2.39,2021-04-04T06:25:41.347Z
2021-01-16T00:00:00.000Z,29325,2137185,22.98,25958,248195,2.67,2021-04-04T06:25:41.347Z
2021-01-17T00:00:00.000Z,68209,2205394,23.72,84393,332588,3.58,2021-04-04T06:25:41.347Z
2021-01-18T00:00:00.000Z,69497,2274891,24.46,120152,452740,4.87,2021-04-04T06:25:41.347Z
2021-01-19T00:00:00.000Z,72657,2347548,25.24,137444,590184,6.35,2021-04-04T06:25:41.347Z
2021-01-20T00:00:00.000Z,76511,2424059,26.07,143323,733507,7.89,2021-04-04T06:25:41.347Z
2021-01-21T00:00:00.000Z,69643,2493702,26.82,163833,897340,9.65,2021-04-04T06:25:41.347Z
2021-01-22T00:00:00.000Z,37702,2531404,27.22,70877,968217,10.41,2021-04-04T06:25:41.347Z
2021-01-23T00:00:00.000Z,39830,2571234,27.65,53451,1021668,10.99,2021-04-04T06:25:41.347Z
2021-01-24T00:00:00.000Z,68916,2640150,28.39,140280,1161948,12.5,2021-04-04T06:25:41.347Z
2021-01-25T00:00:00.000Z,80713,2720863,29.26,139098,1301046,13.99,2021-04-04T06:25:41.347Z
2021-01-26T00:00:00.000Z,78471,2799334,30.1,125992,1427038,15.35,2021-04-04T06:25:41.347Z
2021-01-27T00:00:00.000Z,77674,2877008,30.94,124640,1551678,16.69,2021-04-04T06:25:41.347Z
2021-01-28T00:00:00.000Z,79371,2956379,31.79,130211,1681889,18.09,2021-04-04T06:25:41.347Z
2021-01-29T00:00:00.000Z,36509,2992888,32.18,64584,1746473,18.78,2021-04-04T06:25:41.347Z
2021-01-30T00:00:00.000Z,34273,3027161,32.55,42648,1789121,19.24,2021-04-04T06:25:41.347Z
2021-01-31T00:00:00.000Z,73131,3100292,33.34,59305,1848426,19.88,2021-04-04T06:25:41.347Z
2021-02-01T00:00:00.000Z,82194,3182486,34.22,35198,1883624,20.26,2021-04-04T06:25:41.347Z
2021-02-02T00:00:00.000Z,69809,3252295,34.97,30901,1914525,20.59,2021-04-04T06:25:41.347Z
2021-02-03T00:00:00.000Z,60034,3312329,35.62,51221,1965746,21.14,2021-04-04T06:25:41.347Z
2021-02-04T00:00:00.000Z,72351,3384680,36.4,57877,2023623,21.76,2021-04-04T06:25:41.347Z
2021-02-05T00:00:00.000Z,33757,3418437,36.76,28640,2052263,22.07,2021-04-04T06:25:41.347Z
2021-02-06T00:00:00.000Z,21516,3439953,36.99,22126,2074389,22.31,2021-04-04T06:25:41.347Z
2021-02-07T00:00:00.000Z,53910,3493863,37.57,68492,2142881,23.04,2021-04-04T06:25:41.347Z
2021-02-08T00:00:00.000Z,58434,3552297,38.2,65164,2208045,23.74,2021-04-04T06:25:41.347Z
2021-02-09T00:00:00.000Z,66113,3618410,38.91,67176,2275221,24.47,2021-04-04T06:25:41.347Z
2021-02-10T00:00:00.000Z,70307,3688717,39.67,71849,2347070,25.24,2021-04-04T06:25:41.347Z
2021-02-11T00:00:00.000Z,80916,3769633,40.54,71370,2418440,26.01,2021-04-04T06:25:41.347Z
2021-02-12T00:00:00.000Z,38914,3808547,40.96,37396,2455836,26.41,2021-04-04T06:25:41.347Z
2021-02-13T00:00:00.000Z,27367,3835914,41.25,30329,2486165,26.73,2021-04-04T06:25:41.347Z
2021-02-14T00:00:00.000Z,74638,3910552,42.05,68819,2554984,27.47,2021-04-04T06:25:41.347Z
2021-02-15T00:00:00.000Z,81304,3991856,42.93,75386,2630370,28.29,2021-04-04T06:25:41.347Z
2021-02-16T00:00:00.000Z,83280,4075136,43.82,77985,2708355,29.12,2021-04-04T06:25:41.347Z
2021-02-17T00:00:00.000Z,61761,4136897,44.49,75270,2783625,29.93,2021-04-04T06:25:41.347Z
2021-02-18T00:00:00.000Z,68952,4205849,45.23,79419,2863044,30.79,2021-04-04T06:25:41.347Z
2021-02-19T00:00:00.000Z,39543,4245392,45.65,37965,2901009,31.2,2021-04-04T06:25:41.347Z
2021-02-20T00:00:00.000Z,31571,4276963,45.99,28625,2929634,31.5,2021-04-04T06:25:41.347Z
2021-02-21T00:00:00.000Z,79276,4356239,46.84,78273,3007907,32.35,2021-04-04T06:25:41.347Z
2021-02-22T00:00:00.000Z,84847,4441086,47.76,80252,3088159,33.21,2021-04-04T06:25:41.347Z
2021-02-23T00:00:00.000Z,77164,4518250,48.59,70135,3158294,33.96,2021-04-04T06:25:41.347Z
2021-02-24T00:00:00.000Z,60846,4579096,49.24,62747,3221041,34.64,2021-04-04T06:25:41.347Z
2021-02-25T00:00:00.000Z,51474,4630570,49.79,64481,3285522,35.33,2021-04-04T06:25:41.347Z
2021-02-26T00:00:00.000Z,25680,4656250,50.07,31790,3317312,35.67,2021-04-04T06:25:41.347Z
2021-02-27T00:00:00.000Z,18237,4674487,50.27,21070,3338382,35.9,2021-04-04T06:25:41.347Z
2021-02-28T00:00:00.000Z,40271,4714758,50.7,55561,3393943,36.5,2021-04-04T06:25:41.347Z
2021-03-01T00:00:00.000Z,45523,4760281,51.19,61205,3455148,37.16,2021-04-04T06:25:41.347Z
2021-03-02T00:00:00.000Z,40995,4801276,51.63,64426,3519574,37.85,2021-04-04T06:25:41.347Z
2021-03-03T00:00:00.000Z,42118,4843394,52.08,66329,3585903,38.56,2021-04-04T06:25:41.347Z
2021-03-04T00:00:00.000Z,39515,4882909,52.51,78731,3664634,39.41,2021-04-04T06:25:41.347Z
2021-03-05T00:00:00.000Z,17186,4900095,52.69,40283,3704917,39.84,2021-04-04T06:25:41.347Z
2021-03-06T00:00:00.000Z,10689,4910784,52.81,25243,3730160,40.11,2021-04-04T06:25:41.347Z
2021-03-07T00:00:00.000Z,31003,4941787,53.14,72553,3802713,40.89,2021-04-04T06:25:41.347Z
2021-03-08T00:00:00.000Z,27411,4969198,53.44,72798,3875511,41.68,2021-04-04T06:25:41.347Z
2021-03-09T00:00:00.000Z,26530,4995728,53.72,76394,3951905,42.5,2021-04-04T06:25:41.347Z
2021-03-10T00:00:00.000Z,23068,5018796,53.97,58436,4010341,43.13,2021-04-04T06:25:41.347Z
2021-03-11T00:00:00.000Z,23078,5041874,54.22,68810,4079151,43.87,2021-04-04T06:25:41.347Z
2021-03-12T00:00:00.000Z,11105,5052979,54.34,41254,4120405,44.31,2021-04-04T06:25:41.347Z
2021-03-13T00:00:00.000Z,7885,5060864,54.42,25155,4145560,44.58,2021-04-04T06:25:41.347Z
2021-03-14T00:00:00.000Z,20884,5081748,54.65,73734,4219294,45.37,2021-04-04T06:25:41.347Z
2021-03-15T00:00:00.000Z,19896,5101644,54.86,77907,4297201,46.21,2021-04-04T06:25:41.347Z
2021-03-16T00:00:00.000Z,18570,5120214,55.06,71263,4368464,46.98,2021-04-04T06:25:41.347Z
2021-03-17T00:00:00.000Z,17489,5137703,55.25,58757,4427221,47.61,2021-04-04T06:25:41.347Z
2021-03-18T00:00:00.000Z,15916,5153619,55.42,57898,4485119,48.23,2021-04-04T06:25:41.347Z
2021-03-19T00:00:00.000Z,6776,5160395,55.49,27802,4512921,48.53,2021-04-04T06:25:41.347Z
2021-03-20T00:00:00.000Z,5153,5165548,55.55,15173,4528094,48.69,2021-04-04T06:25:41.347Z
2021-03-21T00:00:00.000Z,12999,5178547,55.69,40137,4568231,49.12,2021-04-04T06:25:41.347Z
2021-03-22T00:00:00.000Z,13020,5191567,55.83,39012,4607243,49.54,2021-04-04T06:25:41.347Z
2021-03-23T00:00:00.000Z,2575,5194142,55.86,7136,4614379,49.62,2021-04-04T06:25:41.347Z
2021-03-24T00:00:00.000Z,10672,5204814,55.97,46068,4660447,50.12,2021-04-04T06:25:41.347Z
2021-03-25T00:00:00.000Z,9884,5214698,56.08,34758,4695205,50.49,2021-04-04T06:25:41.347Z
2021-03-26T00:00:00.000Z,3982,5218680,56.12,12988,4708193,50.63,2021-04-04T06:25:41.347Z
2021-03-27T00:00:00.000Z,1717,5220397,56.14,4217,4712410,50.67,2021-04-04T06:25:41.347Z
2021-03-28T00:00:00.000Z,2028,5222425,56.16,4542,4716952,50.72,2021-04-04T06:25:41.347Z
2021-03-29T00:00:00.000Z,6708,5229133,56.23,28867,4745819,51.03,2021-04-04T06:25:41.347Z
2021-03-30T00:00:00.000Z,7802,5236935,56.32,22027,4767846,51.27,2021-04-04T06:25:41.347Z
2021-03-31T00:00:00.000Z,7995,5244930,56.4,19178,4787024,51.48,2021-04-04T06:25:41.347Z
2021-04-01T00:00:00.000Z,7982,5252912,56.49,18407,4805431,51.68,2021-04-04T06:25:41.347Z
2021-04-02T00:00:00.000Z,2759,5255671,56.52,7938,4813369,51.76,2021-04-04T06:25:41.347Z
2021-04-03T00:00:00.000Z,1331,5257002,56.53,2861,4816230,51.79,2021-04-04T06:25:41.347Z
2021-04-04T00:00:00.000Z,0,5257002,56.53,1,4816231,51.79,2021-04-04T06:25:41.347Z
