Day_Date,vaccinated,vaccinated_cum,vaccinated_population_perc,vaccinated_seconde_dose,vaccinated_seconde_dose_cum,vaccinated_seconde_dose_population_perc,lastUpdate
2020-12-19T00:00:00.000Z,43,61,0.0,0,0,0.0,2021-04-13T14:33:32.113Z
2020-12-20T00:00:00.000Z,7372,7433,0.08,0,0,0.0,2021-04-13T14:33:32.113Z
2020-12-21T00:00:00.000Z,24874,32307,0.35,0,0,0.0,2021-04-13T14:33:32.113Z
2020-12-22T00:00:00.000Z,44615,76922,0.83,0,0,0.0,2021-04-13T14:33:32.113Z
2020-12-23T00:00:00.000Z,62819,139741,1.5,0,0,0.0,2021-04-13T14:33:32.113Z
2020-12-24T00:00:00.000Z,73301,213042,2.29,0,0,0.0,2021-04-13T14:33:32.113Z
2020-12-25T00:00:00.000Z,38437,251479,2.7,0,0,0.0,2021-04-13T14:33:32.113Z
2020-12-26T00:00:00.000Z,32554,284033,3.05,0,0,0.0,2021-04-13T14:33:32.113Z
2020-12-27T00:00:00.000Z,104294,388327,4.18,0,0,0.0,2021-04-13T14:33:32.113Z
2020-12-28T00:00:00.000Z,134723,523050,5.62,0,0,0.0,2021-04-13T14:33:32.113Z
2020-12-29T00:00:00.000Z,155831,678881,7.3,0,0,0.0,2021-04-13T14:33:32.113Z
2020-12-30T00:00:00.000Z,152597,831478,8.94,0,0,0.0,2021-04-13T14:33:32.113Z
2020-12-31T00:00:00.000Z,158025,989503,10.64,0,0,0.0,2021-04-13T14:33:32.113Z
2021-01-01T00:00:00.000Z,71174,1060677,11.41,0,0,0.0,2021-04-13T14:33:32.113Z
2021-01-02T00:00:00.000Z,71560,1132237,12.18,0,0,0.0,2021-04-13T14:33:32.113Z
2021-01-03T00:00:00.000Z,149270,1281507,13.78,0,0,0.0,2021-04-13T14:33:32.113Z
2021-01-04T00:00:00.000Z,151722,1433229,15.41,2,2,0.0,2021-04-13T14:33:32.113Z
2021-01-05T00:00:00.000Z,124710,1557939,16.75,0,2,0.0,2021-04-13T14:33:32.113Z
2021-01-06T00:00:00.000Z,102916,1660855,17.86,0,2,0.0,2021-04-13T14:33:32.113Z
2021-01-07T00:00:00.000Z,115649,1776504,19.1,3,5,0.0,2021-04-13T14:33:32.113Z
2021-01-08T00:00:00.000Z,66211,1842715,19.82,3,8,0.0,2021-04-13T14:33:32.113Z
2021-01-09T00:00:00.000Z,44414,1887129,20.29,22,30,0.0,2021-04-13T14:33:32.113Z
2021-01-10T00:00:00.000Z,37490,1924619,20.7,5985,6015,0.06,2021-04-13T14:33:32.113Z
2021-01-11T00:00:00.000Z,20986,1945605,20.92,19228,25243,0.27,2021-04-13T14:33:32.113Z
2021-01-12T00:00:00.000Z,23836,1969441,21.18,35630,60873,0.65,2021-04-13T14:33:32.113Z
2021-01-13T00:00:00.000Z,51837,2021278,21.74,56797,117670,1.27,2021-04-13T14:33:32.113Z
2021-01-14T00:00:00.000Z,56220,2077498,22.34,68727,186397,2.0,2021-04-13T14:33:32.113Z
2021-01-15T00:00:00.000Z,30561,2108059,22.67,35866,222263,2.39,2021-04-13T14:33:32.113Z
2021-01-16T00:00:00.000Z,29325,2137384,22.98,25960,248223,2.67,2021-04-13T14:33:32.113Z
2021-01-17T00:00:00.000Z,68222,2205606,23.72,84406,332629,3.58,2021-04-13T14:33:32.113Z
2021-01-18T00:00:00.000Z,69498,2275104,24.47,120172,452801,4.87,2021-04-13T14:33:32.113Z
2021-01-19T00:00:00.000Z,72565,2347669,25.25,137461,590262,6.35,2021-04-13T14:33:32.113Z
2021-01-20T00:00:00.000Z,76514,2424183,26.07,143340,733602,7.89,2021-04-13T14:33:32.113Z
2021-01-21T00:00:00.000Z,69572,2493755,26.82,163866,897468,9.65,2021-04-13T14:33:32.113Z
2021-01-22T00:00:00.000Z,37700,2531455,27.22,70892,968360,10.41,2021-04-13T14:33:32.113Z
2021-01-23T00:00:00.000Z,39836,2571291,27.65,53457,1021817,10.99,2021-04-13T14:33:32.113Z
2021-01-24T00:00:00.000Z,68916,2640207,28.39,140287,1162104,12.5,2021-04-13T14:33:32.113Z
2021-01-25T00:00:00.000Z,80711,2720918,29.26,139124,1301228,13.99,2021-04-13T14:33:32.113Z
2021-01-26T00:00:00.000Z,78472,2799390,30.1,126002,1427230,15.35,2021-04-13T14:33:32.113Z
2021-01-27T00:00:00.000Z,77683,2877073,30.94,124661,1551891,16.69,2021-04-13T14:33:32.113Z
2021-01-28T00:00:00.000Z,79386,2956459,31.79,130237,1682128,18.09,2021-04-13T14:33:32.113Z
2021-01-29T00:00:00.000Z,36515,2992974,32.19,64589,1746717,18.78,2021-04-13T14:33:32.113Z
2021-01-30T00:00:00.000Z,34276,3027250,32.55,42653,1789370,19.24,2021-04-13T14:33:32.113Z
2021-01-31T00:00:00.000Z,73144,3100394,33.34,59315,1848685,19.88,2021-04-13T14:33:32.113Z
2021-02-01T00:00:00.000Z,82232,3182626,34.22,35197,1883882,20.26,2021-04-13T14:33:32.113Z
2021-02-02T00:00:00.000Z,69835,3252461,34.98,30905,1914787,20.59,2021-04-13T14:33:32.113Z
2021-02-03T00:00:00.000Z,60042,3312503,35.62,51243,1966030,21.14,2021-04-13T14:33:32.113Z
2021-02-04T00:00:00.000Z,72366,3384869,36.4,57885,2023915,21.76,2021-04-13T14:33:32.113Z
2021-02-05T00:00:00.000Z,33765,3418634,36.76,28643,2052558,22.07,2021-04-13T14:33:32.113Z
2021-02-06T00:00:00.000Z,21524,3440158,36.99,22129,2074687,22.31,2021-04-13T14:33:32.113Z
2021-02-07T00:00:00.000Z,53930,3494088,37.57,68514,2143201,23.05,2021-04-13T14:33:32.113Z
2021-02-08T00:00:00.000Z,58464,3552552,38.2,65179,2208380,23.75,2021-04-13T14:33:32.113Z
2021-02-09T00:00:00.000Z,66094,3618646,38.91,67245,2275625,24.47,2021-04-13T14:33:32.113Z
2021-02-10T00:00:00.000Z,70298,3688944,39.67,71915,2347540,25.24,2021-04-13T14:33:32.113Z
2021-02-11T00:00:00.000Z,80864,3769808,40.54,71492,2419032,26.01,2021-04-13T14:33:32.113Z
2021-02-12T00:00:00.000Z,38925,3808733,40.96,37397,2456429,26.42,2021-04-13T14:33:32.113Z
2021-02-13T00:00:00.000Z,27381,3836114,41.25,30337,2486766,26.74,2021-04-13T14:33:32.113Z
2021-02-14T00:00:00.000Z,74695,3910809,42.05,68830,2555596,27.48,2021-04-13T14:33:32.113Z
2021-02-15T00:00:00.000Z,81308,3992117,42.93,75456,2631052,28.29,2021-04-13T14:33:32.113Z
2021-02-16T00:00:00.000Z,83302,4075419,43.82,78002,2709054,29.13,2021-04-13T14:33:32.113Z
2021-02-17T00:00:00.000Z,61783,4137202,44.49,75303,2784357,29.94,2021-04-13T14:33:32.113Z
2021-02-18T00:00:00.000Z,68963,4206165,45.23,79447,2863804,30.8,2021-04-13T14:33:32.113Z
2021-02-19T00:00:00.000Z,39556,4245721,45.66,37975,2901779,31.2,2021-04-13T14:33:32.113Z
2021-02-20T00:00:00.000Z,31578,4277299,46.0,28632,2930411,31.51,2021-04-13T14:33:32.113Z
2021-02-21T00:00:00.000Z,79299,4356598,46.85,78298,3008709,32.35,2021-04-13T14:33:32.113Z
2021-02-22T00:00:00.000Z,84866,4441464,47.76,80295,3089004,33.22,2021-04-13T14:33:32.113Z
2021-02-23T00:00:00.000Z,77173,4518637,48.59,70175,3159179,33.97,2021-04-13T14:33:32.113Z
2021-02-24T00:00:00.000Z,60860,4579497,49.25,62802,3221981,34.65,2021-04-13T14:33:32.113Z
2021-02-25T00:00:00.000Z,51490,4630987,49.8,64510,3286491,35.34,2021-04-13T14:33:32.113Z
2021-02-26T00:00:00.000Z,25792,4656779,50.08,31869,3318360,35.68,2021-04-13T14:33:32.113Z
2021-02-27T00:00:00.000Z,18257,4675036,50.27,21112,3339472,35.91,2021-04-13T14:33:32.113Z
2021-02-28T00:00:00.000Z,40310,4715346,50.71,55651,3395123,36.51,2021-04-13T14:33:32.113Z
2021-03-01T00:00:00.000Z,45540,4760886,51.2,61238,3456361,37.17,2021-04-13T14:33:32.113Z
2021-03-02T00:00:00.000Z,41019,4801905,51.64,64487,3520848,37.86,2021-04-13T14:33:32.113Z
2021-03-03T00:00:00.000Z,42020,4843925,52.09,66499,3587347,38.58,2021-04-13T14:33:32.113Z
2021-03-04T00:00:00.000Z,39515,4883440,52.51,78799,3666146,39.42,2021-04-13T14:33:32.113Z
2021-03-05T00:00:00.000Z,17198,4900638,52.7,40298,3706444,39.86,2021-04-13T14:33:32.113Z
2021-03-06T00:00:00.000Z,10699,4911337,52.81,25260,3731704,40.13,2021-04-13T14:33:32.113Z
2021-03-07T00:00:00.000Z,31010,4942347,53.15,72613,3804317,40.91,2021-04-13T14:33:32.113Z
2021-03-08T00:00:00.000Z,27366,4969713,53.44,72933,3877250,41.69,2021-04-13T14:33:32.113Z
2021-03-09T00:00:00.000Z,26657,4996370,53.73,76436,3953686,42.52,2021-04-13T14:33:32.113Z
2021-03-10T00:00:00.000Z,23128,5019498,53.98,58468,4012154,43.14,2021-04-13T14:33:32.113Z
2021-03-11T00:00:00.000Z,23113,5042611,54.23,68832,4080986,43.88,2021-04-13T14:33:32.113Z
2021-03-12T00:00:00.000Z,11116,5053727,54.35,41271,4122257,44.33,2021-04-13T14:33:32.113Z
2021-03-13T00:00:00.000Z,7895,5061622,54.43,25166,4147423,44.6,2021-04-13T14:33:32.113Z
2021-03-14T00:00:00.000Z,20932,5082554,54.66,73775,4221198,45.39,2021-04-13T14:33:32.113Z
2021-03-15T00:00:00.000Z,19985,5102539,54.87,77957,4299155,46.23,2021-04-13T14:33:32.113Z
2021-03-16T00:00:00.000Z,18590,5121129,55.07,71304,4370459,47.0,2021-04-13T14:33:32.113Z
2021-03-17T00:00:00.000Z,17556,5138685,55.26,58790,4429249,47.63,2021-04-13T14:33:32.113Z
2021-03-18T00:00:00.000Z,15940,5154625,55.43,57926,4487175,48.25,2021-04-13T14:33:32.113Z
2021-03-19T00:00:00.000Z,6754,5161379,55.5,27845,4515020,48.55,2021-04-13T14:33:32.113Z
2021-03-20T00:00:00.000Z,5115,5166494,55.56,15221,4530241,48.72,2021-04-13T14:33:32.113Z
2021-03-21T00:00:00.000Z,12991,5179485,55.7,40317,4570558,49.15,2021-04-13T14:33:32.113Z
2021-03-22T00:00:00.000Z,13207,5192692,55.84,40301,4610859,49.58,2021-04-13T14:33:32.113Z
2021-03-23T00:00:00.000Z,2574,5195266,55.87,7143,4618002,49.66,2021-04-13T14:33:32.113Z
2021-03-24T00:00:00.000Z,10684,5205950,55.98,46231,4664233,50.16,2021-04-13T14:33:32.113Z
2021-03-25T00:00:00.000Z,9931,5215881,56.09,35156,4699389,50.53,2021-04-13T14:33:32.113Z
2021-03-26T00:00:00.000Z,3986,5219867,56.13,13198,4712587,50.68,2021-04-13T14:33:32.113Z
2021-03-27T00:00:00.000Z,1705,5221572,56.15,4190,4716777,50.72,2021-04-13T14:33:32.113Z
2021-03-28T00:00:00.000Z,2028,5223600,56.17,4545,4721322,50.77,2021-04-13T14:33:32.113Z
2021-03-29T00:00:00.000Z,6801,5230401,56.25,30105,4751427,51.09,2021-04-13T14:33:32.113Z
2021-03-30T00:00:00.000Z,7797,5238198,56.33,22267,4773694,51.33,2021-04-13T14:33:32.113Z
2021-03-31T00:00:00.000Z,8006,5246204,56.42,19294,4792988,51.54,2021-04-13T14:33:32.113Z
2021-04-01T00:00:00.000Z,8032,5254236,56.5,18533,4811521,51.74,2021-04-13T14:33:32.113Z
2021-04-02T00:00:00.000Z,2757,5256993,56.53,7955,4819476,51.83,2021-04-13T14:33:32.113Z
2021-04-03T00:00:00.000Z,1331,5258324,56.55,2869,4822345,51.86,2021-04-13T14:33:32.113Z
2021-04-04T00:00:00.000Z,11856,5270180,56.67,22715,4845060,52.1,2021-04-13T14:33:32.113Z
2021-04-05T00:00:00.000Z,9830,5280010,56.78,20381,4865441,52.32,2021-04-13T14:33:32.113Z
2021-04-06T00:00:00.000Z,8572,5288582,56.87,16340,4881781,52.5,2021-04-13T14:33:32.113Z
2021-04-07T00:00:00.000Z,8710,5297292,56.96,15024,4896805,52.66,2021-04-13T14:33:32.113Z
2021-04-08T00:00:00.000Z,9398,5306690,57.07,16835,4913640,52.84,2021-04-13T14:33:32.113Z
2021-04-09T00:00:00.000Z,3541,5310231,57.1,6055,4919695,52.9,2021-04-13T14:33:32.113Z
2021-04-10T00:00:00.000Z,1585,5311816,57.12,3527,4923222,52.94,2021-04-13T14:33:32.113Z
2021-04-11T00:00:00.000Z,8976,5320792,57.22,14080,4937302,53.09,2021-04-13T14:33:32.113Z
2021-04-12T00:00:00.000Z,8852,5329644,57.31,13089,4950391,53.23,2021-04-13T14:33:32.113Z
2021-04-13T00:00:00.000Z,3024,5332668,57.34,2782,4953173,53.26,2021-04-13T14:33:32.113Z
