Day_Date,vaccinated,vaccinated_cum,vaccinated_population_perc,vaccinated_seconde_dose,vaccinated_seconde_dose_cum,vaccinated_seconde_dose_population_perc,lastUpdate
2020-12-19T00:00:00.000Z,43,61,0.0,0,0,0.0,2021-04-05T18:35:23.977Z
2020-12-20T00:00:00.000Z,7372,7433,0.08,0,0,0.0,2021-04-05T18:35:23.977Z
2020-12-21T00:00:00.000Z,24871,32304,0.35,0,0,0.0,2021-04-05T18:35:23.977Z
2020-12-22T00:00:00.000Z,44611,76915,0.83,0,0,0.0,2021-04-05T18:35:23.977Z
2020-12-23T00:00:00.000Z,62814,139729,1.5,0,0,0.0,2021-04-05T18:35:23.977Z
2020-12-24T00:00:00.000Z,73296,213025,2.29,0,0,0.0,2021-04-05T18:35:23.977Z
2020-12-25T00:00:00.000Z,38438,251463,2.7,0,0,0.0,2021-04-05T18:35:23.977Z
2020-12-26T00:00:00.000Z,32552,284015,3.05,0,0,0.0,2021-04-05T18:35:23.977Z
2020-12-27T00:00:00.000Z,104285,388300,4.18,0,0,0.0,2021-04-05T18:35:23.977Z
2020-12-28T00:00:00.000Z,134720,523020,5.62,0,0,0.0,2021-04-05T18:35:23.977Z
2020-12-29T00:00:00.000Z,155832,678852,7.3,0,0,0.0,2021-04-05T18:35:23.977Z
2020-12-30T00:00:00.000Z,152595,831447,8.94,0,0,0.0,2021-04-05T18:35:23.977Z
2020-12-31T00:00:00.000Z,158004,989451,10.64,0,0,0.0,2021-04-05T18:35:23.977Z
2021-01-01T00:00:00.000Z,71167,1060618,11.41,0,0,0.0,2021-04-05T18:35:23.977Z
2021-01-02T00:00:00.000Z,71552,1132170,12.17,0,0,0.0,2021-04-05T18:35:23.977Z
2021-01-03T00:00:00.000Z,149260,1281430,13.78,0,0,0.0,2021-04-05T18:35:23.977Z
2021-01-04T00:00:00.000Z,151703,1433133,15.41,2,2,0.0,2021-04-05T18:35:23.977Z
2021-01-05T00:00:00.000Z,124698,1557831,16.75,0,2,0.0,2021-04-05T18:35:23.977Z
2021-01-06T00:00:00.000Z,102910,1660741,17.86,0,2,0.0,2021-04-05T18:35:23.977Z
2021-01-07T00:00:00.000Z,115639,1776380,19.1,3,5,0.0,2021-04-05T18:35:23.977Z
2021-01-08T00:00:00.000Z,66206,1842586,19.81,3,8,0.0,2021-04-05T18:35:23.977Z
2021-01-09T00:00:00.000Z,44411,1886997,20.29,22,30,0.0,2021-04-05T18:35:23.977Z
2021-01-10T00:00:00.000Z,37484,1924481,20.69,5985,6015,0.06,2021-04-05T18:35:23.977Z
2021-01-11T00:00:00.000Z,20987,1945468,20.92,19224,25239,0.27,2021-04-05T18:35:23.977Z
2021-01-12T00:00:00.000Z,23830,1969298,21.18,35626,60865,0.65,2021-04-05T18:35:23.977Z
2021-01-13T00:00:00.000Z,51830,2021128,21.73,56794,117659,1.27,2021-04-05T18:35:23.977Z
2021-01-14T00:00:00.000Z,56215,2077343,22.34,68721,186380,2.0,2021-04-05T18:35:23.977Z
2021-01-15T00:00:00.000Z,30558,2107901,22.67,35867,222247,2.39,2021-04-05T18:35:23.977Z
2021-01-16T00:00:00.000Z,29326,2137227,22.98,25959,248206,2.67,2021-04-05T18:35:23.977Z
2021-01-17T00:00:00.000Z,68209,2205436,23.72,84395,332601,3.58,2021-04-05T18:35:23.977Z
2021-01-18T00:00:00.000Z,69496,2274932,24.46,120155,452756,4.87,2021-04-05T18:35:23.977Z
2021-01-19T00:00:00.000Z,72558,2347490,25.24,137449,590205,6.35,2021-04-05T18:35:23.977Z
2021-01-20T00:00:00.000Z,76507,2423997,26.07,143329,733534,7.89,2021-04-05T18:35:23.977Z
2021-01-21T00:00:00.000Z,69557,2493554,26.81,163836,897370,9.65,2021-04-05T18:35:23.977Z
2021-01-22T00:00:00.000Z,37702,2531256,27.22,70879,968249,10.41,2021-04-05T18:35:23.977Z
2021-01-23T00:00:00.000Z,39831,2571087,27.65,53453,1021702,10.99,2021-04-05T18:35:23.977Z
2021-01-24T00:00:00.000Z,68913,2640000,28.39,140283,1161985,12.5,2021-04-05T18:35:23.977Z
2021-01-25T00:00:00.000Z,80712,2720712,29.26,139104,1301089,13.99,2021-04-05T18:35:23.977Z
2021-01-26T00:00:00.000Z,78470,2799182,30.1,125996,1427085,15.35,2021-04-05T18:35:23.977Z
2021-01-27T00:00:00.000Z,77674,2876856,30.94,124645,1551730,16.69,2021-04-05T18:35:23.977Z
2021-01-28T00:00:00.000Z,79374,2956230,31.79,130222,1681952,18.09,2021-04-05T18:35:23.977Z
2021-01-29T00:00:00.000Z,36508,2992738,32.18,64585,1746537,18.78,2021-04-05T18:35:23.977Z
2021-01-30T00:00:00.000Z,34273,3027011,32.55,42648,1789185,19.24,2021-04-05T18:35:23.977Z
2021-01-31T00:00:00.000Z,73130,3100141,33.34,59307,1848492,19.88,2021-04-05T18:35:23.977Z
2021-02-01T00:00:00.000Z,82196,3182337,34.22,35198,1883690,20.26,2021-04-05T18:35:23.977Z
2021-02-02T00:00:00.000Z,69813,3252150,34.97,30902,1914592,20.59,2021-04-05T18:35:23.977Z
2021-02-03T00:00:00.000Z,60035,3312185,35.62,51224,1965816,21.14,2021-04-05T18:35:23.977Z
2021-02-04T00:00:00.000Z,72353,3384538,36.4,57880,2023696,21.76,2021-04-05T18:35:23.977Z
2021-02-05T00:00:00.000Z,33758,3418296,36.76,28639,2052335,22.07,2021-04-05T18:35:23.977Z
2021-02-06T00:00:00.000Z,21520,3439816,36.99,22128,2074463,22.31,2021-04-05T18:35:23.977Z
2021-02-07T00:00:00.000Z,53911,3493727,37.57,68493,2142956,23.04,2021-04-05T18:35:23.977Z
2021-02-08T00:00:00.000Z,58443,3552170,38.2,65166,2208122,23.75,2021-04-05T18:35:23.977Z
2021-02-09T00:00:00.000Z,66059,3618229,38.91,67230,2275352,24.47,2021-04-05T18:35:23.977Z
2021-02-10T00:00:00.000Z,70260,3688489,39.66,71899,2347251,25.24,2021-04-05T18:35:23.977Z
2021-02-11T00:00:00.000Z,80824,3769313,40.53,71469,2418720,26.01,2021-04-05T18:35:23.977Z
2021-02-12T00:00:00.000Z,38917,3808230,40.95,37396,2456116,26.41,2021-04-05T18:35:23.977Z
2021-02-13T00:00:00.000Z,27368,3835598,41.25,30330,2486446,26.74,2021-04-05T18:35:23.977Z
2021-02-14T00:00:00.000Z,74639,3910237,42.05,68823,2555269,27.48,2021-04-05T18:35:23.977Z
2021-02-15T00:00:00.000Z,81277,3991514,42.92,75423,2630692,28.29,2021-04-05T18:35:23.977Z
2021-02-16T00:00:00.000Z,83284,4074798,43.82,77989,2708681,29.13,2021-04-05T18:35:23.977Z
2021-02-17T00:00:00.000Z,61765,4136563,44.48,75272,2783953,29.94,2021-04-05T18:35:23.977Z
2021-02-18T00:00:00.000Z,68952,4205515,45.22,79425,2863378,30.79,2021-04-05T18:35:23.977Z
2021-02-19T00:00:00.000Z,39545,4245060,45.65,37966,2901344,31.2,2021-04-05T18:35:23.977Z
2021-02-20T00:00:00.000Z,31572,4276632,45.99,28627,2929971,31.51,2021-04-05T18:35:23.977Z
2021-02-21T00:00:00.000Z,79280,4355912,46.84,78274,3008245,32.35,2021-04-05T18:35:23.977Z
2021-02-22T00:00:00.000Z,84850,4440762,47.75,80254,3088499,33.21,2021-04-05T18:35:23.977Z
2021-02-23T00:00:00.000Z,77166,4517928,48.58,70143,3158642,33.97,2021-04-05T18:35:23.977Z
2021-02-24T00:00:00.000Z,60850,4578778,49.24,62775,3221417,34.64,2021-04-05T18:35:23.977Z
2021-02-25T00:00:00.000Z,51479,4630257,49.79,64484,3285901,35.34,2021-04-05T18:35:23.977Z
2021-02-26T00:00:00.000Z,25684,4655941,50.07,31798,3317699,35.68,2021-04-05T18:35:23.977Z
2021-02-27T00:00:00.000Z,18237,4674178,50.26,21080,3338779,35.9,2021-04-05T18:35:23.977Z
2021-02-28T00:00:00.000Z,40288,4714466,50.7,55599,3394378,36.5,2021-04-05T18:35:23.977Z
2021-03-01T00:00:00.000Z,45524,4759990,51.19,61214,3455592,37.16,2021-04-05T18:35:23.977Z
2021-03-02T00:00:00.000Z,41003,4800993,51.63,64434,3520026,37.85,2021-04-05T18:35:23.977Z
2021-03-03T00:00:00.000Z,42012,4843005,52.08,66447,3586473,38.57,2021-04-05T18:35:23.977Z
2021-03-04T00:00:00.000Z,39509,4882514,52.5,78751,3665224,39.41,2021-04-05T18:35:23.977Z
2021-03-05T00:00:00.000Z,17190,4899704,52.69,40284,3705508,39.85,2021-04-05T18:35:23.977Z
2021-03-06T00:00:00.000Z,10688,4910392,52.8,25245,3730753,40.12,2021-04-05T18:35:23.977Z
2021-03-07T00:00:00.000Z,31003,4941395,53.14,72560,3803313,40.9,2021-04-05T18:35:23.977Z
2021-03-08T00:00:00.000Z,27341,4968736,53.43,72892,3876205,41.68,2021-04-05T18:35:23.977Z
2021-03-09T00:00:00.000Z,26533,4995269,53.72,76403,3952608,42.5,2021-04-05T18:35:23.977Z
2021-03-10T00:00:00.000Z,23077,5018346,53.96,58441,4011049,43.13,2021-04-05T18:35:23.977Z
2021-03-11T00:00:00.000Z,23085,5041431,54.21,68816,4079865,43.87,2021-04-05T18:35:23.977Z
2021-03-12T00:00:00.000Z,11107,5052538,54.33,41258,4121123,44.32,2021-04-05T18:35:23.977Z
2021-03-13T00:00:00.000Z,7890,5060428,54.42,25156,4146279,44.59,2021-04-05T18:35:23.977Z
2021-03-14T00:00:00.000Z,20893,5081321,54.64,73740,4220019,45.38,2021-04-05T18:35:23.977Z
2021-03-15T00:00:00.000Z,19907,5101228,54.86,77912,4297931,46.22,2021-04-05T18:35:23.977Z
2021-03-16T00:00:00.000Z,18572,5119800,55.06,71265,4369196,46.98,2021-04-05T18:35:23.977Z
2021-03-17T00:00:00.000Z,17487,5137287,55.24,58764,4427960,47.62,2021-04-05T18:35:23.977Z
2021-03-18T00:00:00.000Z,15916,5153203,55.42,57905,4485865,48.24,2021-04-05T18:35:23.977Z
2021-03-19T00:00:00.000Z,6773,5159976,55.49,27809,4513674,48.54,2021-04-05T18:35:23.977Z
2021-03-20T00:00:00.000Z,5151,5165127,55.54,15175,4528849,48.7,2021-04-05T18:35:23.977Z
2021-03-21T00:00:00.000Z,12987,5178114,55.68,40250,4569099,49.13,2021-04-05T18:35:23.977Z
2021-03-22T00:00:00.000Z,13155,5191269,55.82,39705,4608804,49.56,2021-04-05T18:35:23.977Z
2021-03-23T00:00:00.000Z,2574,5193843,55.85,7138,4615942,49.64,2021-04-05T18:35:23.977Z
2021-03-24T00:00:00.000Z,10681,5204524,55.97,46128,4662070,50.13,2021-04-05T18:35:23.977Z
2021-03-25T00:00:00.000Z,9894,5214418,56.07,34977,4697047,50.51,2021-04-05T18:35:23.977Z
2021-03-26T00:00:00.000Z,3982,5218400,56.12,12991,4710038,50.65,2021-04-05T18:35:23.977Z
2021-03-27T00:00:00.000Z,1717,5220117,56.13,4217,4714255,50.69,2021-04-05T18:35:23.977Z
2021-03-28T00:00:00.000Z,2028,5222145,56.16,4543,4718798,50.74,2021-04-05T18:35:23.977Z
2021-03-29T00:00:00.000Z,6617,5228762,56.23,29018,4747816,51.06,2021-04-05T18:35:23.977Z
2021-03-30T00:00:00.000Z,7714,5236476,56.31,22153,4769969,51.29,2021-04-05T18:35:23.977Z
2021-03-31T00:00:00.000Z,8006,5244482,56.4,19255,4789224,51.5,2021-04-05T18:35:23.977Z
2021-04-01T00:00:00.000Z,8024,5252506,56.48,18473,4807697,51.7,2021-04-05T18:35:23.977Z
2021-04-02T00:00:00.000Z,2758,5255264,56.51,7946,4815643,51.79,2021-04-05T18:35:23.977Z
2021-04-03T00:00:00.000Z,1336,5256600,56.53,2861,4818504,51.82,2021-04-05T18:35:23.977Z
2021-04-04T00:00:00.000Z,11730,5268330,56.65,22487,4840991,52.06,2021-04-05T18:35:23.977Z
2021-04-05T00:00:00.000Z,5032,5273362,56.71,10901,4851892,52.17,2021-04-05T18:35:23.977Z
