Day_Date,vaccinated,vaccinated_cum,vaccinated_population_perc,vaccinated_seconde_dose,vaccinated_seconde_dose_cum,vaccinated_seconde_dose_population_perc,lastUpdate
2020-12-19T00:00:00.000Z,43,61,0.0,0,0,0.0,2021-04-13T03:25:27.197Z
2020-12-20T00:00:00.000Z,7372,7433,0.08,0,0,0.0,2021-04-13T03:25:27.197Z
2020-12-21T00:00:00.000Z,24873,32306,0.35,0,0,0.0,2021-04-13T03:25:27.197Z
2020-12-22T00:00:00.000Z,44615,76921,0.83,0,0,0.0,2021-04-13T03:25:27.197Z
2020-12-23T00:00:00.000Z,62819,139740,1.5,0,0,0.0,2021-04-13T03:25:27.197Z
2020-12-24T00:00:00.000Z,73300,213040,2.29,0,0,0.0,2021-04-13T03:25:27.197Z
2020-12-25T00:00:00.000Z,38437,251477,2.7,0,0,0.0,2021-04-13T03:25:27.197Z
2020-12-26T00:00:00.000Z,32554,284031,3.05,0,0,0.0,2021-04-13T03:25:27.197Z
2020-12-27T00:00:00.000Z,104293,388324,4.18,0,0,0.0,2021-04-13T03:25:27.197Z
2020-12-28T00:00:00.000Z,134720,523044,5.62,0,0,0.0,2021-04-13T03:25:27.197Z
2020-12-29T00:00:00.000Z,155832,678876,7.3,0,0,0.0,2021-04-13T03:25:27.197Z
2020-12-30T00:00:00.000Z,152596,831472,8.94,0,0,0.0,2021-04-13T03:25:27.197Z
2020-12-31T00:00:00.000Z,158024,989496,10.64,0,0,0.0,2021-04-13T03:25:27.197Z
2021-01-01T00:00:00.000Z,71172,1060668,11.41,0,0,0.0,2021-04-13T03:25:27.197Z
2021-01-02T00:00:00.000Z,71558,1132226,12.18,0,0,0.0,2021-04-13T03:25:27.197Z
2021-01-03T00:00:00.000Z,149270,1281496,13.78,0,0,0.0,2021-04-13T03:25:27.197Z
2021-01-04T00:00:00.000Z,151721,1433217,15.41,2,2,0.0,2021-04-13T03:25:27.197Z
2021-01-05T00:00:00.000Z,124707,1557924,16.75,0,2,0.0,2021-04-13T03:25:27.197Z
2021-01-06T00:00:00.000Z,102916,1660840,17.86,0,2,0.0,2021-04-13T03:25:27.197Z
2021-01-07T00:00:00.000Z,115648,1776488,19.1,3,5,0.0,2021-04-13T03:25:27.197Z
2021-01-08T00:00:00.000Z,66207,1842695,19.82,3,8,0.0,2021-04-13T03:25:27.197Z
2021-01-09T00:00:00.000Z,44414,1887109,20.29,22,30,0.0,2021-04-13T03:25:27.197Z
2021-01-10T00:00:00.000Z,37490,1924599,20.7,5985,6015,0.06,2021-04-13T03:25:27.197Z
2021-01-11T00:00:00.000Z,20985,1945584,20.92,19227,25242,0.27,2021-04-13T03:25:27.197Z
2021-01-12T00:00:00.000Z,23833,1969417,21.18,35630,60872,0.65,2021-04-13T03:25:27.197Z
2021-01-13T00:00:00.000Z,51835,2021252,21.74,56798,117670,1.27,2021-04-13T03:25:27.197Z
2021-01-14T00:00:00.000Z,56223,2077475,22.34,68726,186396,2.0,2021-04-13T03:25:27.197Z
2021-01-15T00:00:00.000Z,30561,2108036,22.67,35866,222262,2.39,2021-04-13T03:25:27.197Z
2021-01-16T00:00:00.000Z,29325,2137361,22.98,25960,248222,2.67,2021-04-13T03:25:27.197Z
2021-01-17T00:00:00.000Z,68219,2205580,23.72,84406,332628,3.58,2021-04-13T03:25:27.197Z
2021-01-18T00:00:00.000Z,69499,2275079,24.47,120168,452796,4.87,2021-04-13T03:25:27.197Z
2021-01-19T00:00:00.000Z,72565,2347644,25.25,137461,590257,6.35,2021-04-13T03:25:27.197Z
2021-01-20T00:00:00.000Z,76515,2424159,26.07,143338,733595,7.89,2021-04-13T03:25:27.197Z
2021-01-21T00:00:00.000Z,69570,2493729,26.82,163865,897460,9.65,2021-04-13T03:25:27.197Z
2021-01-22T00:00:00.000Z,37700,2531429,27.22,70892,968352,10.41,2021-04-13T03:25:27.197Z
2021-01-23T00:00:00.000Z,39836,2571265,27.65,53456,1021808,10.99,2021-04-13T03:25:27.197Z
2021-01-24T00:00:00.000Z,68915,2640180,28.39,140285,1162093,12.5,2021-04-13T03:25:27.197Z
2021-01-25T00:00:00.000Z,80713,2720893,29.26,139121,1301214,13.99,2021-04-13T03:25:27.197Z
2021-01-26T00:00:00.000Z,78473,2799366,30.1,126001,1427215,15.35,2021-04-13T03:25:27.197Z
2021-01-27T00:00:00.000Z,77683,2877049,30.94,124660,1551875,16.69,2021-04-13T03:25:27.197Z
2021-01-28T00:00:00.000Z,79384,2956433,31.79,130236,1682111,18.09,2021-04-13T03:25:27.197Z
2021-01-29T00:00:00.000Z,36517,2992950,32.18,64586,1746697,18.78,2021-04-13T03:25:27.197Z
2021-01-30T00:00:00.000Z,34275,3027225,32.55,42653,1789350,19.24,2021-04-13T03:25:27.197Z
2021-01-31T00:00:00.000Z,73146,3100371,33.34,59314,1848664,19.88,2021-04-13T03:25:27.197Z
2021-02-01T00:00:00.000Z,82232,3182603,34.22,35197,1883861,20.26,2021-04-13T03:25:27.197Z
2021-02-02T00:00:00.000Z,69834,3252437,34.98,30905,1914766,20.59,2021-04-13T03:25:27.197Z
2021-02-03T00:00:00.000Z,60044,3312481,35.62,51240,1966006,21.14,2021-04-13T03:25:27.197Z
2021-02-04T00:00:00.000Z,72368,3384849,36.4,57888,2023894,21.76,2021-04-13T03:25:27.197Z
2021-02-05T00:00:00.000Z,33765,3418614,36.76,28643,2052537,22.07,2021-04-13T03:25:27.197Z
2021-02-06T00:00:00.000Z,21524,3440138,36.99,22128,2074665,22.31,2021-04-13T03:25:27.197Z
2021-02-07T00:00:00.000Z,53931,3494069,37.57,68513,2143178,23.05,2021-04-13T03:25:27.197Z
2021-02-08T00:00:00.000Z,58465,3552534,38.2,65177,2208355,23.75,2021-04-13T03:25:27.197Z
2021-02-09T00:00:00.000Z,66095,3618629,38.91,67245,2275600,24.47,2021-04-13T03:25:27.197Z
2021-02-10T00:00:00.000Z,70298,3688927,39.67,71915,2347515,25.24,2021-04-13T03:25:27.197Z
2021-02-11T00:00:00.000Z,80863,3769790,40.54,71492,2419007,26.01,2021-04-13T03:25:27.197Z
2021-02-12T00:00:00.000Z,38925,3808715,40.96,37397,2456404,26.41,2021-04-13T03:25:27.197Z
2021-02-13T00:00:00.000Z,27381,3836096,41.25,30337,2486741,26.74,2021-04-13T03:25:27.197Z
2021-02-14T00:00:00.000Z,74693,3910789,42.05,68829,2555570,27.48,2021-04-13T03:25:27.197Z
2021-02-15T00:00:00.000Z,81310,3992099,42.93,75453,2631023,28.29,2021-04-13T03:25:27.197Z
2021-02-16T00:00:00.000Z,83302,4075401,43.82,78002,2709025,29.13,2021-04-13T03:25:27.197Z
2021-02-17T00:00:00.000Z,61781,4137182,44.49,75302,2784327,29.94,2021-04-13T03:25:27.197Z
2021-02-18T00:00:00.000Z,68960,4206142,45.23,79446,2863773,30.8,2021-04-13T03:25:27.197Z
2021-02-19T00:00:00.000Z,39556,4245698,45.66,37974,2901747,31.2,2021-04-13T03:25:27.197Z
2021-02-20T00:00:00.000Z,31578,4277276,46.0,28632,2930379,31.51,2021-04-13T03:25:27.197Z
2021-02-21T00:00:00.000Z,79300,4356576,46.85,78296,3008675,32.35,2021-04-13T03:25:27.197Z
2021-02-22T00:00:00.000Z,84865,4441441,47.76,80291,3088966,33.22,2021-04-13T03:25:27.197Z
2021-02-23T00:00:00.000Z,77174,4518615,48.59,70174,3159140,33.97,2021-04-13T03:25:27.197Z
2021-02-24T00:00:00.000Z,60860,4579475,49.25,62802,3221942,34.65,2021-04-13T03:25:27.197Z
2021-02-25T00:00:00.000Z,51490,4630965,49.8,64508,3286450,35.34,2021-04-13T03:25:27.197Z
2021-02-26T00:00:00.000Z,25776,4656741,50.08,31868,3318318,35.68,2021-04-13T03:25:27.197Z
2021-02-27T00:00:00.000Z,18257,4674998,50.27,21112,3339430,35.91,2021-04-13T03:25:27.197Z
2021-02-28T00:00:00.000Z,40308,4715306,50.71,55650,3395080,36.51,2021-04-13T03:25:27.197Z
2021-03-01T00:00:00.000Z,45540,4760846,51.2,61238,3456318,37.17,2021-04-13T03:25:27.197Z
2021-03-02T00:00:00.000Z,41018,4801864,51.64,64487,3520805,37.86,2021-04-13T03:25:27.197Z
2021-03-03T00:00:00.000Z,42019,4843883,52.09,66498,3587303,38.58,2021-04-13T03:25:27.197Z
2021-03-04T00:00:00.000Z,39516,4883399,52.51,78798,3666101,39.42,2021-04-13T03:25:27.197Z
2021-03-05T00:00:00.000Z,17198,4900597,52.7,40298,3706399,39.86,2021-04-13T03:25:27.197Z
2021-03-06T00:00:00.000Z,10699,4911296,52.81,25260,3731659,40.13,2021-04-13T03:25:27.197Z
2021-03-07T00:00:00.000Z,31011,4942307,53.15,72611,3804270,40.91,2021-04-13T03:25:27.197Z
2021-03-08T00:00:00.000Z,27366,4969673,53.44,72932,3877202,41.69,2021-04-13T03:25:27.197Z
2021-03-09T00:00:00.000Z,26657,4996330,53.73,76435,3953637,42.52,2021-04-13T03:25:27.197Z
2021-03-10T00:00:00.000Z,23126,5019456,53.98,58468,4012105,43.14,2021-04-13T03:25:27.197Z
2021-03-11T00:00:00.000Z,23114,5042570,54.23,68833,4080938,43.88,2021-04-13T03:25:27.197Z
2021-03-12T00:00:00.000Z,11116,5053686,54.34,41270,4122208,44.33,2021-04-13T03:25:27.197Z
2021-03-13T00:00:00.000Z,7894,5061580,54.43,25166,4147374,44.6,2021-04-13T03:25:27.197Z
2021-03-14T00:00:00.000Z,20933,5082513,54.65,73774,4221148,45.39,2021-04-13T03:25:27.197Z
2021-03-15T00:00:00.000Z,19985,5102498,54.87,77953,4299101,46.23,2021-04-13T03:25:27.197Z
2021-03-16T00:00:00.000Z,18587,5121085,55.07,71303,4370404,47.0,2021-04-13T03:25:27.197Z
2021-03-17T00:00:00.000Z,17557,5138642,55.26,58788,4429192,47.63,2021-04-13T03:25:27.197Z
2021-03-18T00:00:00.000Z,15939,5154581,55.43,57926,4487118,48.25,2021-04-13T03:25:27.197Z
2021-03-19T00:00:00.000Z,6755,5161336,55.5,27843,4514961,48.55,2021-04-13T03:25:27.197Z
2021-03-20T00:00:00.000Z,5120,5166456,55.56,15215,4530176,48.72,2021-04-13T03:25:27.197Z
2021-03-21T00:00:00.000Z,12986,5179442,55.7,40306,4570482,49.15,2021-04-13T03:25:27.197Z
2021-03-22T00:00:00.000Z,13203,5192645,55.84,40276,4610758,49.58,2021-04-13T03:25:27.197Z
2021-03-23T00:00:00.000Z,2569,5195214,55.87,7143,4617901,49.66,2021-04-13T03:25:27.197Z
2021-03-24T00:00:00.000Z,10686,5205900,55.98,46230,4664131,50.16,2021-04-13T03:25:27.197Z
2021-03-25T00:00:00.000Z,9932,5215832,56.09,35149,4699280,50.53,2021-04-13T03:25:27.197Z
2021-03-26T00:00:00.000Z,3986,5219818,56.13,13198,4712478,50.68,2021-04-13T03:25:27.197Z
2021-03-27T00:00:00.000Z,1705,5221523,56.15,4190,4716668,50.72,2021-04-13T03:25:27.197Z
2021-03-28T00:00:00.000Z,2028,5223551,56.17,4545,4721213,50.77,2021-04-13T03:25:27.197Z
2021-03-29T00:00:00.000Z,6801,5230352,56.24,30102,4751315,51.09,2021-04-13T03:25:27.197Z
2021-03-30T00:00:00.000Z,7797,5238149,56.33,22268,4773583,51.33,2021-04-13T03:25:27.197Z
2021-03-31T00:00:00.000Z,8006,5246155,56.41,19294,4792877,51.54,2021-04-13T03:25:27.197Z
2021-04-01T00:00:00.000Z,8032,5254187,56.5,18533,4811410,51.74,2021-04-13T03:25:27.197Z
2021-04-02T00:00:00.000Z,2757,5256944,56.53,7955,4819365,51.83,2021-04-13T03:25:27.197Z
2021-04-03T00:00:00.000Z,1331,5258275,56.54,2871,4822236,51.86,2021-04-13T03:25:27.197Z
2021-04-04T00:00:00.000Z,11856,5270131,56.67,22715,4844951,52.1,2021-04-13T03:25:27.197Z
2021-04-05T00:00:00.000Z,9830,5279961,56.78,20376,4865327,52.32,2021-04-13T03:25:27.197Z
2021-04-06T00:00:00.000Z,8572,5288533,56.87,16338,4881665,52.5,2021-04-13T03:25:27.197Z
2021-04-07T00:00:00.000Z,8707,5297240,56.96,15024,4896689,52.66,2021-04-13T03:25:27.197Z
2021-04-08T00:00:00.000Z,9398,5306638,57.06,16833,4913522,52.84,2021-04-13T03:25:27.197Z
2021-04-09T00:00:00.000Z,3541,5310179,57.1,6055,4919577,52.9,2021-04-13T03:25:27.197Z
2021-04-10T00:00:00.000Z,1585,5311764,57.12,3527,4923104,52.94,2021-04-13T03:25:27.197Z
2021-04-11T00:00:00.000Z,8971,5320735,57.22,14079,4937183,53.09,2021-04-13T03:25:27.197Z
2021-04-12T00:00:00.000Z,8762,5329497,57.31,13071,4950254,53.23,2021-04-13T03:25:27.197Z
2021-04-13T00:00:00.000Z,0,5329497,57.31,13,4950267,53.23,2021-04-13T03:25:27.197Z
