Day_Date,vaccinated,vaccinated_cum,vaccinated_population_perc,vaccinated_seconde_dose,vaccinated_seconde_dose_cum,vaccinated_seconde_dose_population_perc,lastUpdate
2020-12-19T00:00:00.000Z,43,61,0.0,0,0,0.0,2021-04-04T18:53:59.313Z
2020-12-20T00:00:00.000Z,7372,7433,0.08,0,0,0.0,2021-04-04T18:53:59.313Z
2020-12-21T00:00:00.000Z,24871,32304,0.35,0,0,0.0,2021-04-04T18:53:59.313Z
2020-12-22T00:00:00.000Z,44609,76913,0.83,0,0,0.0,2021-04-04T18:53:59.313Z
2020-12-23T00:00:00.000Z,62814,139727,1.5,0,0,0.0,2021-04-04T18:53:59.313Z
2020-12-24T00:00:00.000Z,73295,213022,2.29,0,0,0.0,2021-04-04T18:53:59.313Z
2020-12-25T00:00:00.000Z,38438,251460,2.7,0,0,0.0,2021-04-04T18:53:59.313Z
2020-12-26T00:00:00.000Z,32552,284012,3.05,0,0,0.0,2021-04-04T18:53:59.313Z
2020-12-27T00:00:00.000Z,104283,388295,4.18,0,0,0.0,2021-04-04T18:53:59.313Z
2020-12-28T00:00:00.000Z,134720,523015,5.62,0,0,0.0,2021-04-04T18:53:59.313Z
2020-12-29T00:00:00.000Z,155831,678846,7.3,0,0,0.0,2021-04-04T18:53:59.313Z
2020-12-30T00:00:00.000Z,152593,831439,8.94,0,0,0.0,2021-04-04T18:53:59.313Z
2020-12-31T00:00:00.000Z,158003,989442,10.64,0,0,0.0,2021-04-04T18:53:59.313Z
2021-01-01T00:00:00.000Z,71165,1060607,11.41,0,0,0.0,2021-04-04T18:53:59.313Z
2021-01-02T00:00:00.000Z,71552,1132159,12.17,0,0,0.0,2021-04-04T18:53:59.313Z
2021-01-03T00:00:00.000Z,149259,1281418,13.78,0,0,0.0,2021-04-04T18:53:59.313Z
2021-01-04T00:00:00.000Z,151699,1433117,15.41,2,2,0.0,2021-04-04T18:53:59.313Z
2021-01-05T00:00:00.000Z,124697,1557814,16.75,0,2,0.0,2021-04-04T18:53:59.313Z
2021-01-06T00:00:00.000Z,102908,1660722,17.86,0,2,0.0,2021-04-04T18:53:59.313Z
2021-01-07T00:00:00.000Z,115637,1776359,19.1,3,5,0.0,2021-04-04T18:53:59.313Z
2021-01-08T00:00:00.000Z,66205,1842564,19.81,3,8,0.0,2021-04-04T18:53:59.313Z
2021-01-09T00:00:00.000Z,44411,1886975,20.29,22,30,0.0,2021-04-04T18:53:59.313Z
2021-01-10T00:00:00.000Z,37484,1924459,20.69,5985,6015,0.06,2021-04-04T18:53:59.313Z
2021-01-11T00:00:00.000Z,20987,1945446,20.92,19224,25239,0.27,2021-04-04T18:53:59.313Z
2021-01-12T00:00:00.000Z,23829,1969275,21.18,35625,60864,0.65,2021-04-04T18:53:59.313Z
2021-01-13T00:00:00.000Z,51828,2021103,21.73,56794,117658,1.27,2021-04-04T18:53:59.313Z
2021-01-14T00:00:00.000Z,56215,2077318,22.34,68718,186376,2.0,2021-04-04T18:53:59.313Z
2021-01-15T00:00:00.000Z,30558,2107876,22.67,35867,222243,2.39,2021-04-04T18:53:59.313Z
2021-01-16T00:00:00.000Z,29326,2137202,22.98,25958,248201,2.67,2021-04-04T18:53:59.313Z
2021-01-17T00:00:00.000Z,68208,2205410,23.72,84394,332595,3.58,2021-04-04T18:53:59.313Z
2021-01-18T00:00:00.000Z,69496,2274906,24.46,120154,452749,4.87,2021-04-04T18:53:59.313Z
2021-01-19T00:00:00.000Z,72654,2347560,25.24,137449,590198,6.35,2021-04-04T18:53:59.313Z
2021-01-20T00:00:00.000Z,76512,2424072,26.07,143326,733524,7.89,2021-04-04T18:53:59.313Z
2021-01-21T00:00:00.000Z,69644,2493716,26.82,163835,897359,9.65,2021-04-04T18:53:59.313Z
2021-01-22T00:00:00.000Z,37702,2531418,27.22,70877,968236,10.41,2021-04-04T18:53:59.313Z
2021-01-23T00:00:00.000Z,39830,2571248,27.65,53453,1021689,10.99,2021-04-04T18:53:59.313Z
2021-01-24T00:00:00.000Z,68911,2640159,28.39,140282,1161971,12.5,2021-04-04T18:53:59.313Z
2021-01-25T00:00:00.000Z,80712,2720871,29.26,139100,1301071,13.99,2021-04-04T18:53:59.313Z
2021-01-26T00:00:00.000Z,78469,2799340,30.1,125992,1427063,15.35,2021-04-04T18:53:59.313Z
2021-01-27T00:00:00.000Z,77673,2877013,30.94,124643,1551706,16.69,2021-04-04T18:53:59.313Z
2021-01-28T00:00:00.000Z,79372,2956385,31.79,130218,1681924,18.09,2021-04-04T18:53:59.313Z
2021-01-29T00:00:00.000Z,36508,2992893,32.18,64584,1746508,18.78,2021-04-04T18:53:59.313Z
2021-01-30T00:00:00.000Z,34273,3027166,32.55,42648,1789156,19.24,2021-04-04T18:53:59.313Z
2021-01-31T00:00:00.000Z,73130,3100296,33.34,59306,1848462,19.88,2021-04-04T18:53:59.313Z
2021-02-01T00:00:00.000Z,82194,3182490,34.22,35198,1883660,20.26,2021-04-04T18:53:59.313Z
2021-02-02T00:00:00.000Z,69809,3252299,34.97,30901,1914561,20.59,2021-04-04T18:53:59.313Z
2021-02-03T00:00:00.000Z,60034,3312333,35.62,51222,1965783,21.14,2021-04-04T18:53:59.313Z
2021-02-04T00:00:00.000Z,72351,3384684,36.4,57878,2023661,21.76,2021-04-04T18:53:59.313Z
2021-02-05T00:00:00.000Z,33757,3418441,36.76,28639,2052300,22.07,2021-04-04T18:53:59.313Z
2021-02-06T00:00:00.000Z,21517,3439958,36.99,22128,2074428,22.31,2021-04-04T18:53:59.313Z
2021-02-07T00:00:00.000Z,53910,3493868,37.57,68493,2142921,23.04,2021-04-04T18:53:59.313Z
2021-02-08T00:00:00.000Z,58435,3552303,38.2,65165,2208086,23.74,2021-04-04T18:53:59.313Z
2021-02-09T00:00:00.000Z,66111,3618414,38.91,67176,2275262,24.47,2021-04-04T18:53:59.313Z
2021-02-10T00:00:00.000Z,70306,3688720,39.67,71849,2347111,25.24,2021-04-04T18:53:59.313Z
2021-02-11T00:00:00.000Z,80916,3769636,40.54,71373,2418484,26.01,2021-04-04T18:53:59.313Z
2021-02-12T00:00:00.000Z,38914,3808550,40.96,37396,2455880,26.41,2021-04-04T18:53:59.313Z
2021-02-13T00:00:00.000Z,27368,3835918,41.25,30329,2486209,26.74,2021-04-04T18:53:59.313Z
2021-02-14T00:00:00.000Z,74640,3910558,42.05,68820,2555029,27.48,2021-04-04T18:53:59.313Z
2021-02-15T00:00:00.000Z,81305,3991863,42.93,75389,2630418,28.29,2021-04-04T18:53:59.313Z
2021-02-16T00:00:00.000Z,83279,4075142,43.82,77987,2708405,29.12,2021-04-04T18:53:59.313Z
2021-02-17T00:00:00.000Z,61763,4136905,44.49,75270,2783675,29.93,2021-04-04T18:53:59.313Z
2021-02-18T00:00:00.000Z,68951,4205856,45.23,79423,2863098,30.79,2021-04-04T18:53:59.313Z
2021-02-19T00:00:00.000Z,39544,4245400,45.65,37965,2901063,31.2,2021-04-04T18:53:59.313Z
2021-02-20T00:00:00.000Z,31571,4276971,45.99,28625,2929688,31.5,2021-04-04T18:53:59.313Z
2021-02-21T00:00:00.000Z,79277,4356248,46.84,78274,3007962,32.35,2021-04-04T18:53:59.313Z
2021-02-22T00:00:00.000Z,84847,4441095,47.76,80251,3088213,33.21,2021-04-04T18:53:59.313Z
2021-02-23T00:00:00.000Z,77165,4518260,48.59,70139,3158352,33.96,2021-04-04T18:53:59.313Z
2021-02-24T00:00:00.000Z,60848,4579108,49.24,62746,3221098,34.64,2021-04-04T18:53:59.313Z
2021-02-25T00:00:00.000Z,51475,4630583,49.8,64482,3285580,35.33,2021-04-04T18:53:59.313Z
2021-02-26T00:00:00.000Z,25684,4656267,50.07,31796,3317376,35.67,2021-04-04T18:53:59.313Z
2021-02-27T00:00:00.000Z,18237,4674504,50.27,21076,3338452,35.9,2021-04-04T18:53:59.313Z
2021-02-28T00:00:00.000Z,40288,4714792,50.7,55596,3394048,36.5,2021-04-04T18:53:59.313Z
2021-03-01T00:00:00.000Z,45523,4760315,51.19,61207,3455255,37.16,2021-04-04T18:53:59.313Z
2021-03-02T00:00:00.000Z,41002,4801317,51.63,64426,3519681,37.85,2021-04-04T18:53:59.313Z
2021-03-03T00:00:00.000Z,42118,4843435,52.08,66330,3586011,38.56,2021-04-04T18:53:59.313Z
2021-03-04T00:00:00.000Z,39514,4882949,52.51,78736,3664747,39.41,2021-04-04T18:53:59.313Z
2021-03-05T00:00:00.000Z,17188,4900137,52.69,40283,3705030,39.84,2021-04-04T18:53:59.313Z
2021-03-06T00:00:00.000Z,10688,4910825,52.81,25245,3730275,40.11,2021-04-04T18:53:59.313Z
2021-03-07T00:00:00.000Z,31004,4941829,53.14,72555,3802830,40.89,2021-04-04T18:53:59.313Z
2021-03-08T00:00:00.000Z,27413,4969242,53.44,72800,3875630,41.68,2021-04-04T18:53:59.313Z
2021-03-09T00:00:00.000Z,26533,4995775,53.72,76397,3952027,42.5,2021-04-04T18:53:59.313Z
2021-03-10T00:00:00.000Z,23072,5018847,53.97,58438,4010465,43.13,2021-04-04T18:53:59.313Z
2021-03-11T00:00:00.000Z,23085,5041932,54.22,68812,4079277,43.87,2021-04-04T18:53:59.313Z
2021-03-12T00:00:00.000Z,11107,5053039,54.34,41255,4120532,44.31,2021-04-04T18:53:59.313Z
2021-03-13T00:00:00.000Z,7888,5060927,54.42,25155,4145687,44.58,2021-04-04T18:53:59.313Z
2021-03-14T00:00:00.000Z,20892,5081819,54.65,73737,4219424,45.37,2021-04-04T18:53:59.313Z
2021-03-15T00:00:00.000Z,19897,5101716,54.86,77909,4297333,46.21,2021-04-04T18:53:59.313Z
2021-03-16T00:00:00.000Z,18571,5120287,55.06,71263,4368596,46.98,2021-04-04T18:53:59.313Z
2021-03-17T00:00:00.000Z,17488,5137775,55.25,58758,4427354,47.61,2021-04-04T18:53:59.313Z
2021-03-18T00:00:00.000Z,15917,5153692,55.42,57900,4485254,48.23,2021-04-04T18:53:59.313Z
2021-03-19T00:00:00.000Z,6773,5160465,55.49,27808,4513062,48.53,2021-04-04T18:53:59.313Z
2021-03-20T00:00:00.000Z,5152,5165617,55.55,15174,4528236,48.69,2021-04-04T18:53:59.313Z
2021-03-21T00:00:00.000Z,12987,5178604,55.69,40249,4568485,49.13,2021-04-04T18:53:59.313Z
2021-03-22T00:00:00.000Z,13121,5191725,55.83,39442,4607927,49.55,2021-04-04T18:53:59.313Z
2021-03-23T00:00:00.000Z,2574,5194299,55.86,7138,4615065,49.63,2021-04-04T18:53:59.313Z
2021-03-24T00:00:00.000Z,10673,5204972,55.97,46080,4661145,50.12,2021-04-04T18:53:59.313Z
2021-03-25T00:00:00.000Z,9896,5214868,56.08,34959,4696104,50.5,2021-04-04T18:53:59.313Z
2021-03-26T00:00:00.000Z,3982,5218850,56.12,12988,4709092,50.64,2021-04-04T18:53:59.313Z
2021-03-27T00:00:00.000Z,1717,5220567,56.14,4217,4713309,50.68,2021-04-04T18:53:59.313Z
2021-03-28T00:00:00.000Z,2028,5222595,56.16,4542,4717851,50.73,2021-04-04T18:53:59.313Z
2021-03-29T00:00:00.000Z,6708,5229303,56.23,28870,4746721,51.04,2021-04-04T18:53:59.313Z
2021-03-30T00:00:00.000Z,7809,5237112,56.32,22030,4768751,51.28,2021-04-04T18:53:59.313Z
2021-03-31T00:00:00.000Z,8061,5245173,56.4,19204,4787955,51.49,2021-04-04T18:53:59.313Z
2021-04-01T00:00:00.000Z,8039,5253212,56.49,18453,4806408,51.69,2021-04-04T18:53:59.313Z
2021-04-02T00:00:00.000Z,2759,5255971,56.52,7944,4814352,51.77,2021-04-04T18:53:59.313Z
2021-04-03T00:00:00.000Z,1331,5257302,56.53,2861,4817213,51.8,2021-04-04T18:53:59.313Z
2021-04-04T00:00:00.000Z,10606,5267908,56.65,20100,4837313,52.02,2021-04-04T18:53:59.313Z
