Day_Date,vaccinated,vaccinated_cum,vaccinated_population_perc,vaccinated_seconde_dose,vaccinated_seconde_dose_cum,vaccinated_seconde_dose_population_perc,lastUpdate
2020-12-19T00:00:00.000Z,43,63,0.0,0,0,0.0,2021-03-13T15:33:33.093Z
2020-12-20T00:00:00.000Z,7370,7433,0.08,0,0,0.0,2021-03-13T15:33:33.093Z
2020-12-21T00:00:00.000Z,24893,32326,0.35,0,0,0.0,2021-03-13T15:33:33.093Z
2020-12-22T00:00:00.000Z,44659,76985,0.83,0,0,0.0,2021-03-13T15:33:33.093Z
2020-12-23T00:00:00.000Z,62993,139978,1.51,0,0,0.0,2021-03-13T15:33:33.093Z
2020-12-24T00:00:00.000Z,73611,213589,2.3,0,0,0.0,2021-03-13T15:33:33.093Z
2020-12-25T00:00:00.000Z,38764,252353,2.71,0,0,0.0,2021-03-13T15:33:33.093Z
2020-12-26T00:00:00.000Z,32876,285229,3.07,0,0,0.0,2021-03-13T15:33:33.093Z
2020-12-27T00:00:00.000Z,105128,390357,4.2,0,0,0.0,2021-03-13T15:33:33.093Z
2020-12-28T00:00:00.000Z,135960,526317,5.66,0,0,0.0,2021-03-13T15:33:33.093Z
2020-12-29T00:00:00.000Z,157414,683731,7.35,0,0,0.0,2021-03-13T15:33:33.093Z
2020-12-30T00:00:00.000Z,154337,838068,9.01,0,0,0.0,2021-03-13T15:33:33.093Z
2020-12-31T00:00:00.000Z,159685,997753,10.73,0,0,0.0,2021-03-13T15:33:33.093Z
2021-01-01T00:00:00.000Z,72159,1069912,11.51,0,0,0.0,2021-03-13T15:33:33.093Z
2021-01-02T00:00:00.000Z,72435,1142347,12.28,0,0,0.0,2021-03-13T15:33:33.093Z
2021-01-03T00:00:00.000Z,151051,1293398,13.91,0,0,0.0,2021-03-13T15:33:33.093Z
2021-01-04T00:00:00.000Z,153173,1446571,15.56,2,2,0.0,2021-03-13T15:33:33.093Z
2021-01-05T00:00:00.000Z,126790,1573361,16.92,0,2,0.0,2021-03-13T15:33:33.093Z
2021-01-06T00:00:00.000Z,104853,1678214,18.05,0,2,0.0,2021-03-13T15:33:33.093Z
2021-01-07T00:00:00.000Z,117475,1795689,19.31,3,5,0.0,2021-03-13T15:33:33.093Z
2021-01-08T00:00:00.000Z,67151,1862840,20.03,3,8,0.0,2021-03-13T15:33:33.093Z
2021-01-09T00:00:00.000Z,44998,1907838,20.52,22,30,0.0,2021-03-13T15:33:33.093Z
2021-01-10T00:00:00.000Z,38135,1945973,20.93,5983,6013,0.06,2021-03-13T15:33:33.093Z
2021-01-11T00:00:00.000Z,21438,1967411,21.16,19239,25252,0.27,2021-03-13T15:33:33.093Z
2021-01-12T00:00:00.000Z,24275,1991686,21.42,35656,60908,0.66,2021-03-13T15:33:33.093Z
2021-01-13T00:00:00.000Z,52466,2044152,21.98,56934,117842,1.27,2021-03-13T15:33:33.093Z
2021-01-14T00:00:00.000Z,56818,2100970,22.59,68923,186765,2.01,2021-03-13T15:33:33.093Z
2021-01-15T00:00:00.000Z,31004,2131974,22.93,36138,222903,2.4,2021-03-13T15:33:33.093Z
2021-01-16T00:00:00.000Z,29704,2161678,23.25,26206,249109,2.68,2021-03-13T15:33:33.093Z
2021-01-17T00:00:00.000Z,68385,2230063,23.98,84617,333726,3.59,2021-03-13T15:33:33.093Z
2021-01-18T00:00:00.000Z,69467,2299530,24.73,120084,453810,4.88,2021-03-13T15:33:33.093Z
2021-01-19T00:00:00.000Z,72571,2372101,25.51,137396,591206,6.36,2021-03-13T15:33:33.093Z
2021-01-20T00:00:00.000Z,76484,2448585,26.33,143277,734483,7.9,2021-03-13T15:33:33.093Z
2021-01-21T00:00:00.000Z,69521,2518106,27.08,163752,898235,9.66,2021-03-13T15:33:33.093Z
2021-01-22T00:00:00.000Z,37694,2555800,27.48,70853,969088,10.42,2021-03-13T15:33:33.093Z
2021-01-23T00:00:00.000Z,39806,2595606,27.91,53435,1022523,11.0,2021-03-13T15:33:33.093Z
2021-01-24T00:00:00.000Z,68885,2664491,28.65,140221,1162744,12.5,2021-03-13T15:33:33.093Z
2021-01-25T00:00:00.000Z,80676,2745167,29.52,139036,1301780,14.0,2021-03-13T15:33:33.093Z
2021-01-26T00:00:00.000Z,78439,2823606,30.36,125919,1427699,15.35,2021-03-13T15:33:33.093Z
2021-01-27T00:00:00.000Z,77618,2901224,31.2,124562,1552261,16.69,2021-03-13T15:33:33.093Z
2021-01-28T00:00:00.000Z,79337,2980561,32.05,130154,1682415,18.09,2021-03-13T15:33:33.093Z
2021-01-29T00:00:00.000Z,36494,3017055,32.44,64552,1746967,18.79,2021-03-13T15:33:33.093Z
2021-01-30T00:00:00.000Z,34240,3051295,32.81,42640,1789607,19.24,2021-03-13T15:33:33.093Z
2021-01-31T00:00:00.000Z,73104,3124399,33.6,59278,1848885,19.88,2021-03-13T15:33:33.093Z
2021-02-01T00:00:00.000Z,82153,3206552,34.48,35190,1884075,20.26,2021-03-13T15:33:33.093Z
2021-02-02T00:00:00.000Z,69773,3276325,35.23,30889,1914964,20.59,2021-03-13T15:33:33.093Z
2021-02-03T00:00:00.000Z,59994,3336319,35.88,51170,1966134,21.14,2021-03-13T15:33:33.093Z
2021-02-04T00:00:00.000Z,72338,3408657,36.66,57832,2023966,21.76,2021-03-13T15:33:33.093Z
2021-02-05T00:00:00.000Z,33748,3442405,37.02,28627,2052593,22.07,2021-03-13T15:33:33.093Z
2021-02-06T00:00:00.000Z,21508,3463913,37.25,22116,2074709,22.31,2021-03-13T15:33:33.093Z
2021-02-07T00:00:00.000Z,53900,3517813,37.83,68429,2143138,23.05,2021-03-13T15:33:33.093Z
2021-02-08T00:00:00.000Z,58428,3576241,38.46,65086,2208224,23.75,2021-03-13T15:33:33.093Z
2021-02-09T00:00:00.000Z,66040,3642281,39.17,67179,2275403,24.47,2021-03-13T15:33:33.093Z
2021-02-10T00:00:00.000Z,70218,3712499,39.92,71852,2347255,25.24,2021-03-13T15:33:33.093Z
2021-02-11T00:00:00.000Z,80767,3793266,40.79,71449,2418704,26.01,2021-03-13T15:33:33.093Z
2021-02-12T00:00:00.000Z,38904,3832170,41.21,37374,2456078,26.41,2021-03-13T15:33:33.093Z
2021-02-13T00:00:00.000Z,27364,3859534,41.5,30309,2486387,26.74,2021-03-13T15:33:33.093Z
2021-02-14T00:00:00.000Z,74588,3934122,42.31,68769,2555156,27.48,2021-03-13T15:33:33.093Z
2021-02-15T00:00:00.000Z,81233,4015355,43.18,75360,2630516,28.29,2021-03-13T15:33:33.093Z
2021-02-16T00:00:00.000Z,83241,4098596,44.07,77909,2708425,29.13,2021-03-13T15:33:33.093Z
2021-02-17T00:00:00.000Z,61701,4160297,44.74,75202,2783627,29.93,2021-03-13T15:33:33.093Z
2021-02-18T00:00:00.000Z,68889,4229186,45.48,79273,2862900,30.79,2021-03-13T15:33:33.093Z
2021-02-19T00:00:00.000Z,39497,4268683,45.9,37934,2900834,31.19,2021-03-13T15:33:33.093Z
2021-02-20T00:00:00.000Z,31518,4300201,46.24,28535,2929369,31.5,2021-03-13T15:33:33.093Z
2021-02-21T00:00:00.000Z,79114,4379315,47.09,78218,3007587,32.34,2021-03-13T15:33:33.093Z
2021-02-22T00:00:00.000Z,84681,4463996,48.0,80032,3087619,33.2,2021-03-13T15:33:33.093Z
2021-02-23T00:00:00.000Z,76974,4540970,48.83,69953,3157572,33.95,2021-03-13T15:33:33.093Z
2021-02-24T00:00:00.000Z,60752,4601722,49.48,62629,3220201,34.63,2021-03-13T15:33:33.093Z
2021-02-25T00:00:00.000Z,51186,4652908,50.04,64265,3284466,35.32,2021-03-13T15:33:33.093Z
2021-02-26T00:00:00.000Z,24901,4677809,50.3,30976,3315442,35.65,2021-03-13T15:33:33.093Z
2021-02-27T00:00:00.000Z,17522,4695331,50.49,20415,3335857,35.87,2021-03-13T15:33:33.093Z
2021-02-28T00:00:00.000Z,39799,4735130,50.92,54579,3390436,36.46,2021-03-13T15:33:33.093Z
2021-03-01T00:00:00.000Z,45458,4780588,51.41,61053,3451489,37.12,2021-03-13T15:33:33.093Z
2021-03-02T00:00:00.000Z,40913,4821501,51.85,64319,3515808,37.81,2021-03-13T15:33:33.093Z
2021-03-03T00:00:00.000Z,42017,4863518,52.3,66215,3582023,38.52,2021-03-13T15:33:33.093Z
2021-03-04T00:00:00.000Z,39219,4902737,52.72,76349,3658372,39.34,2021-03-13T15:33:33.093Z
2021-03-05T00:00:00.000Z,17181,4919918,52.91,36431,3694803,39.73,2021-03-13T15:33:33.093Z
2021-03-06T00:00:00.000Z,10677,4930595,53.02,25218,3720021,40.0,2021-03-13T15:33:33.093Z
2021-03-07T00:00:00.000Z,30986,4961581,53.35,72481,3792502,40.78,2021-03-13T15:33:33.093Z
2021-03-08T00:00:00.000Z,34916,4996497,53.73,72687,3865189,41.56,2021-03-13T15:33:33.093Z
2021-03-09T00:00:00.000Z,39971,5036468,54.16,76286,3941475,42.38,2021-03-13T15:33:33.093Z
2021-03-10T00:00:00.000Z,36710,5073178,54.55,58354,3999829,43.01,2021-03-13T15:33:33.093Z
2021-03-11T00:00:00.000Z,37644,5110822,54.96,68642,4068471,43.75,2021-03-13T15:33:33.093Z
2021-03-12T00:00:00.000Z,11119,5121941,55.08,41188,4109659,44.19,2021-03-13T15:33:33.093Z
2021-03-13T00:00:00.000Z,3113,5125054,55.11,10617,4120276,44.31,2021-03-13T15:33:33.093Z
