Day_Date,vaccinated,vaccinated_cum,vaccinated_population_perc,vaccinated_seconde_dose,vaccinated_seconde_dose_cum,vaccinated_seconde_dose_population_perc,lastUpdate
2020-12-19T00:00:00.000Z,40,57,0.0,0,0,0.0,2021-01-31T18:48:55.233Z
2020-12-20T00:00:00.000Z,7306,7363,0.08,0,0,0.0,2021-01-31T18:48:55.233Z
2020-12-21T00:00:00.000Z,24751,32114,0.35,0,0,0.0,2021-01-31T18:48:55.233Z
2020-12-22T00:00:00.000Z,44259,76373,0.83,0,0,0.0,2021-01-31T18:48:55.233Z
2020-12-23T00:00:00.000Z,61691,138064,1.5,0,0,0.0,2021-01-31T18:48:55.233Z
2020-12-24T00:00:00.000Z,72188,210252,2.28,0,0,0.0,2021-01-31T18:48:55.233Z
2020-12-25T00:00:00.000Z,37741,247993,2.69,0,0,0.0,2021-01-31T18:48:55.233Z
2020-12-26T00:00:00.000Z,32021,280014,3.04,0,0,0.0,2021-01-31T18:48:55.233Z
2020-12-27T00:00:00.000Z,102941,382955,4.16,0,0,0.0,2021-01-31T18:48:55.233Z
2020-12-28T00:00:00.000Z,132395,515350,5.59,0,0,0.0,2021-01-31T18:48:55.233Z
2020-12-29T00:00:00.000Z,153735,669085,7.26,0,0,0.0,2021-01-31T18:48:55.233Z
2020-12-30T00:00:00.000Z,149971,819056,8.89,0,0,0.0,2021-01-31T18:48:55.233Z
2020-12-31T00:00:00.000Z,155817,974873,10.58,0,0,0.0,2021-01-31T18:48:55.233Z
2021-01-01T00:00:00.000Z,70510,1045383,11.34,0,0,0.0,2021-01-31T18:48:55.233Z
2021-01-02T00:00:00.000Z,70929,1116312,12.11,0,0,0.0,2021-01-31T18:48:55.233Z
2021-01-03T00:00:00.000Z,146196,1262508,13.7,0,0,0.0,2021-01-31T18:48:55.233Z
2021-01-04T00:00:00.000Z,139631,1402139,15.22,2,2,0.0,2021-01-31T18:48:55.233Z
2021-01-05T00:00:00.000Z,122948,1525087,16.55,0,2,0.0,2021-01-31T18:48:55.233Z
2021-01-06T00:00:00.000Z,100733,1625820,17.64,0,2,0.0,2021-01-31T18:48:55.233Z
2021-01-07T00:00:00.000Z,113710,1739530,18.88,4,6,0.0,2021-01-31T18:48:55.233Z
2021-01-08T00:00:00.000Z,65304,1804834,19.59,5,11,0.0,2021-01-31T18:48:55.233Z
2021-01-09T00:00:00.000Z,43916,1848750,20.06,26,37,0.0,2021-01-31T18:48:55.233Z
2021-01-10T00:00:00.000Z,36874,1885624,20.46,5957,5994,0.07,2021-01-31T18:48:55.233Z
2021-01-11T00:00:00.000Z,20261,1905885,20.68,19056,25050,0.27,2021-01-31T18:48:55.233Z
2021-01-12T00:00:00.000Z,23454,1929339,20.94,35214,60264,0.65,2021-01-31T18:48:55.233Z
2021-01-13T00:00:00.000Z,51066,1980405,21.49,55557,115821,1.26,2021-01-31T18:48:55.233Z
2021-01-14T00:00:00.000Z,55487,2035892,22.09,67431,183252,1.99,2021-01-31T18:48:55.233Z
2021-01-15T00:00:00.000Z,30365,2066257,22.42,35132,218384,2.37,2021-01-31T18:48:55.233Z
2021-01-16T00:00:00.000Z,29115,2095372,22.74,25495,243879,2.65,2021-01-31T18:48:55.233Z
2021-01-17T00:00:00.000Z,67621,2162993,23.47,82632,326511,3.54,2021-01-31T18:48:55.233Z
2021-01-18T00:00:00.000Z,69421,2232414,24.23,117030,443541,4.81,2021-01-31T18:48:55.233Z
2021-01-19T00:00:00.000Z,72517,2304931,25.01,134391,577932,6.27,2021-01-31T18:48:55.233Z
2021-01-20T00:00:00.000Z,77113,2382044,25.85,139173,717105,7.78,2021-01-31T18:48:55.233Z
2021-01-21T00:00:00.000Z,70877,2452921,26.62,158520,875625,9.5,2021-01-31T18:48:55.233Z
2021-01-22T00:00:00.000Z,38713,2491634,27.04,69219,944844,10.25,2021-01-31T18:48:55.233Z
2021-01-23T00:00:00.000Z,40521,2532155,27.48,52274,997118,10.82,2021-01-31T18:48:55.233Z
2021-01-24T00:00:00.000Z,70841,2602996,28.25,135466,1132584,12.29,2021-01-31T18:48:55.233Z
2021-01-25T00:00:00.000Z,88166,2691162,29.2,129248,1261832,13.69,2021-01-31T18:48:55.233Z
2021-01-26T00:00:00.000Z,80221,2771383,30.08,119766,1381598,14.99,2021-01-31T18:48:55.233Z
2021-01-27T00:00:00.000Z,80640,2852023,30.95,120095,1501693,16.3,2021-01-31T18:48:55.233Z
2021-01-28T00:00:00.000Z,82125,2934148,31.84,126265,1627958,17.67,2021-01-31T18:48:55.233Z
2021-01-29T00:00:00.000Z,37761,2971909,32.25,62876,1690834,18.35,2021-01-31T18:48:55.233Z
2021-01-30T00:00:00.000Z,34922,3006831,32.63,41700,1732534,18.8,2021-01-31T18:48:55.233Z
2021-01-31T00:00:00.000Z,58876,3065707,33.27,50954,1783488,19.35,2021-01-31T18:48:55.233Z
