Day_Date,vaccinated,vaccinated_cum,vaccinated_population_perc,vaccinated_seconde_dose,vaccinated_seconde_dose_cum,vaccinated_seconde_dose_population_perc,lastUpdate
2020-12-19T00:00:00.000Z,43,61,0.0,0,0,0.0,2021-04-06T06:13:24.233Z
2020-12-20T00:00:00.000Z,7372,7433,0.08,0,0,0.0,2021-04-06T06:13:24.233Z
2020-12-21T00:00:00.000Z,24871,32304,0.35,0,0,0.0,2021-04-06T06:13:24.233Z
2020-12-22T00:00:00.000Z,44611,76915,0.83,0,0,0.0,2021-04-06T06:13:24.233Z
2020-12-23T00:00:00.000Z,62815,139730,1.5,0,0,0.0,2021-04-06T06:13:24.233Z
2020-12-24T00:00:00.000Z,73296,213026,2.29,0,0,0.0,2021-04-06T06:13:24.233Z
2020-12-25T00:00:00.000Z,38438,251464,2.7,0,0,0.0,2021-04-06T06:13:24.233Z
2020-12-26T00:00:00.000Z,32552,284016,3.05,0,0,0.0,2021-04-06T06:13:24.233Z
2020-12-27T00:00:00.000Z,104286,388302,4.18,0,0,0.0,2021-04-06T06:13:24.233Z
2020-12-28T00:00:00.000Z,134720,523022,5.62,0,0,0.0,2021-04-06T06:13:24.233Z
2020-12-29T00:00:00.000Z,155832,678854,7.3,0,0,0.0,2021-04-06T06:13:24.233Z
2020-12-30T00:00:00.000Z,152596,831450,8.94,0,0,0.0,2021-04-06T06:13:24.233Z
2020-12-31T00:00:00.000Z,158004,989454,10.64,0,0,0.0,2021-04-06T06:13:24.233Z
2021-01-01T00:00:00.000Z,71167,1060621,11.41,0,0,0.0,2021-04-06T06:13:24.233Z
2021-01-02T00:00:00.000Z,71552,1132173,12.17,0,0,0.0,2021-04-06T06:13:24.233Z
2021-01-03T00:00:00.000Z,149262,1281435,13.78,0,0,0.0,2021-04-06T06:13:24.233Z
2021-01-04T00:00:00.000Z,151704,1433139,15.41,2,2,0.0,2021-04-06T06:13:24.233Z
2021-01-05T00:00:00.000Z,124700,1557839,16.75,0,2,0.0,2021-04-06T06:13:24.233Z
2021-01-06T00:00:00.000Z,102912,1660751,17.86,0,2,0.0,2021-04-06T06:13:24.233Z
2021-01-07T00:00:00.000Z,115640,1776391,19.1,3,5,0.0,2021-04-06T06:13:24.233Z
2021-01-08T00:00:00.000Z,66207,1842598,19.81,3,8,0.0,2021-04-06T06:13:24.233Z
2021-01-09T00:00:00.000Z,44411,1887009,20.29,22,30,0.0,2021-04-06T06:13:24.233Z
2021-01-10T00:00:00.000Z,37484,1924493,20.7,5985,6015,0.06,2021-04-06T06:13:24.233Z
2021-01-11T00:00:00.000Z,20987,1945480,20.92,19224,25239,0.27,2021-04-06T06:13:24.233Z
2021-01-12T00:00:00.000Z,23833,1969313,21.18,35626,60865,0.65,2021-04-06T06:13:24.233Z
2021-01-13T00:00:00.000Z,51829,2021142,21.73,56795,117660,1.27,2021-04-06T06:13:24.233Z
2021-01-14T00:00:00.000Z,56215,2077357,22.34,68721,186381,2.0,2021-04-06T06:13:24.233Z
2021-01-15T00:00:00.000Z,30558,2107915,22.67,35867,222248,2.39,2021-04-06T06:13:24.233Z
2021-01-16T00:00:00.000Z,29326,2137241,22.98,25959,248207,2.67,2021-04-06T06:13:24.233Z
2021-01-17T00:00:00.000Z,68209,2205450,23.72,84395,332602,3.58,2021-04-06T06:13:24.233Z
2021-01-18T00:00:00.000Z,69496,2274946,24.46,120155,452757,4.87,2021-04-06T06:13:24.233Z
2021-01-19T00:00:00.000Z,72558,2347504,25.24,137450,590207,6.35,2021-04-06T06:13:24.233Z
2021-01-20T00:00:00.000Z,76507,2424011,26.07,143330,733537,7.89,2021-04-06T06:13:24.233Z
2021-01-21T00:00:00.000Z,69558,2493569,26.81,163836,897373,9.65,2021-04-06T06:13:24.233Z
2021-01-22T00:00:00.000Z,37702,2531271,27.22,70879,968252,10.41,2021-04-06T06:13:24.233Z
2021-01-23T00:00:00.000Z,39832,2571103,27.65,53453,1021705,10.99,2021-04-06T06:13:24.233Z
2021-01-24T00:00:00.000Z,68911,2640014,28.39,140285,1161990,12.5,2021-04-06T06:13:24.233Z
2021-01-25T00:00:00.000Z,80713,2720727,29.26,139105,1301095,13.99,2021-04-06T06:13:24.233Z
2021-01-26T00:00:00.000Z,78469,2799196,30.1,125998,1427093,15.35,2021-04-06T06:13:24.233Z
2021-01-27T00:00:00.000Z,77676,2876872,30.94,124647,1551740,16.69,2021-04-06T06:13:24.233Z
2021-01-28T00:00:00.000Z,79373,2956245,31.79,130225,1681965,18.09,2021-04-06T06:13:24.233Z
2021-01-29T00:00:00.000Z,36508,2992753,32.18,64586,1746551,18.78,2021-04-06T06:13:24.233Z
2021-01-30T00:00:00.000Z,34273,3027026,32.55,42648,1789199,19.24,2021-04-06T06:13:24.233Z
2021-01-31T00:00:00.000Z,73131,3100157,33.34,59307,1848506,19.88,2021-04-06T06:13:24.233Z
2021-02-01T00:00:00.000Z,82197,3182354,34.22,35198,1883704,20.26,2021-04-06T06:13:24.233Z
2021-02-02T00:00:00.000Z,69814,3252168,34.97,30903,1914607,20.59,2021-04-06T06:13:24.233Z
2021-02-03T00:00:00.000Z,60035,3312203,35.62,51227,1965834,21.14,2021-04-06T06:13:24.233Z
2021-02-04T00:00:00.000Z,72353,3384556,36.4,57880,2023714,21.76,2021-04-06T06:13:24.233Z
2021-02-05T00:00:00.000Z,33758,3418314,36.76,28639,2052353,22.07,2021-04-06T06:13:24.233Z
2021-02-06T00:00:00.000Z,21520,3439834,36.99,22128,2074481,22.31,2021-04-06T06:13:24.233Z
2021-02-07T00:00:00.000Z,53911,3493745,37.57,68494,2142975,23.04,2021-04-06T06:13:24.233Z
2021-02-08T00:00:00.000Z,58443,3552188,38.2,65167,2208142,23.75,2021-04-06T06:13:24.233Z
2021-02-09T00:00:00.000Z,66059,3618247,38.91,67230,2275372,24.47,2021-04-06T06:13:24.233Z
2021-02-10T00:00:00.000Z,70260,3688507,39.66,71900,2347272,25.24,2021-04-06T06:13:24.233Z
2021-02-11T00:00:00.000Z,80824,3769331,40.53,71469,2418741,26.01,2021-04-06T06:13:24.233Z
2021-02-12T00:00:00.000Z,38917,3808248,40.95,37396,2456137,26.41,2021-04-06T06:13:24.233Z
2021-02-13T00:00:00.000Z,27368,3835616,41.25,30330,2486467,26.74,2021-04-06T06:13:24.233Z
2021-02-14T00:00:00.000Z,74640,3910256,42.05,68823,2555290,27.48,2021-04-06T06:13:24.233Z
2021-02-15T00:00:00.000Z,81277,3991533,42.92,75423,2630713,28.29,2021-04-06T06:13:24.233Z
2021-02-16T00:00:00.000Z,83284,4074817,43.82,77989,2708702,29.13,2021-04-06T06:13:24.233Z
2021-02-17T00:00:00.000Z,61764,4136581,44.48,75274,2783976,29.94,2021-04-06T06:13:24.233Z
2021-02-18T00:00:00.000Z,68952,4205533,45.22,79425,2863401,30.79,2021-04-06T06:13:24.233Z
2021-02-19T00:00:00.000Z,39546,4245079,45.65,37967,2901368,31.2,2021-04-06T06:13:24.233Z
2021-02-20T00:00:00.000Z,31572,4276651,45.99,28627,2929995,31.51,2021-04-06T06:13:24.233Z
2021-02-21T00:00:00.000Z,79280,4355931,46.84,78275,3008270,32.35,2021-04-06T06:13:24.233Z
2021-02-22T00:00:00.000Z,84850,4440781,47.75,80254,3088524,33.21,2021-04-06T06:13:24.233Z
2021-02-23T00:00:00.000Z,77166,4517947,48.58,70145,3158669,33.97,2021-04-06T06:13:24.233Z
2021-02-24T00:00:00.000Z,60850,4578797,49.24,62775,3221444,34.64,2021-04-06T06:13:24.233Z
2021-02-25T00:00:00.000Z,51479,4630276,49.79,64484,3285928,35.34,2021-04-06T06:13:24.233Z
2021-02-26T00:00:00.000Z,25699,4655975,50.07,31823,3317751,35.68,2021-04-06T06:13:24.233Z
2021-02-27T00:00:00.000Z,18238,4674213,50.26,21080,3338831,35.9,2021-04-06T06:13:24.233Z
2021-02-28T00:00:00.000Z,40293,4714506,50.7,55621,3394452,36.5,2021-04-06T06:13:24.233Z
2021-03-01T00:00:00.000Z,45525,4760031,51.19,61214,3455666,37.16,2021-04-06T06:13:24.233Z
2021-03-02T00:00:00.000Z,41006,4801037,51.63,64434,3520100,37.85,2021-04-06T06:13:24.233Z
2021-03-03T00:00:00.000Z,42012,4843049,52.08,66448,3586548,38.57,2021-04-06T06:13:24.233Z
2021-03-04T00:00:00.000Z,39509,4882558,52.5,78753,3665301,39.41,2021-04-06T06:13:24.233Z
2021-03-05T00:00:00.000Z,17190,4899748,52.69,40284,3705585,39.85,2021-04-06T06:13:24.233Z
2021-03-06T00:00:00.000Z,10688,4910436,52.8,25245,3730830,40.12,2021-04-06T06:13:24.233Z
2021-03-07T00:00:00.000Z,31003,4941439,53.14,72560,3803390,40.9,2021-04-06T06:13:24.233Z
2021-03-08T00:00:00.000Z,27344,4968783,53.43,72893,3876283,41.68,2021-04-06T06:13:24.233Z
2021-03-09T00:00:00.000Z,26534,4995317,53.72,76403,3952686,42.51,2021-04-06T06:13:24.233Z
2021-03-10T00:00:00.000Z,23078,5018395,53.97,58442,4011128,43.13,2021-04-06T06:13:24.233Z
2021-03-11T00:00:00.000Z,23085,5041480,54.21,68816,4079944,43.87,2021-04-06T06:13:24.233Z
2021-03-12T00:00:00.000Z,11108,5052588,54.33,41260,4121204,44.32,2021-04-06T06:13:24.233Z
2021-03-13T00:00:00.000Z,7890,5060478,54.42,25156,4146360,44.59,2021-04-06T06:13:24.233Z
2021-03-14T00:00:00.000Z,20895,5081373,54.64,73740,4220100,45.38,2021-04-06T06:13:24.233Z
2021-03-15T00:00:00.000Z,19913,5101286,54.86,77913,4298013,46.22,2021-04-06T06:13:24.233Z
2021-03-16T00:00:00.000Z,18572,5119858,55.06,71267,4369280,46.99,2021-04-06T06:13:24.233Z
2021-03-17T00:00:00.000Z,17487,5137345,55.24,58764,4428044,47.62,2021-04-06T06:13:24.233Z
2021-03-18T00:00:00.000Z,15918,5153263,55.42,57905,4485949,48.24,2021-04-06T06:13:24.233Z
2021-03-19T00:00:00.000Z,6759,5160022,55.49,27823,4513772,48.54,2021-04-06T06:13:24.233Z
2021-03-20T00:00:00.000Z,5153,5165175,55.54,15176,4528948,48.7,2021-04-06T06:13:24.233Z
2021-03-21T00:00:00.000Z,12980,5178155,55.68,40257,4569205,49.13,2021-04-06T06:13:24.233Z
2021-03-22T00:00:00.000Z,13158,5191313,55.82,39826,4609031,49.56,2021-04-06T06:13:24.233Z
2021-03-23T00:00:00.000Z,2574,5193887,55.85,7138,4616169,49.64,2021-04-06T06:13:24.233Z
2021-03-24T00:00:00.000Z,10686,5204573,55.97,46136,4662305,50.14,2021-04-06T06:13:24.233Z
2021-03-25T00:00:00.000Z,9893,5214466,56.07,35030,4697335,50.51,2021-04-06T06:13:24.233Z
2021-03-26T00:00:00.000Z,3983,5218449,56.12,13058,4710393,50.65,2021-04-06T06:13:24.233Z
2021-03-27T00:00:00.000Z,1717,5220166,56.14,4217,4714610,50.7,2021-04-06T06:13:24.233Z
2021-03-28T00:00:00.000Z,2028,5222194,56.16,4543,4719153,50.75,2021-04-06T06:13:24.233Z
2021-03-29T00:00:00.000Z,6617,5228811,56.23,29018,4748171,51.06,2021-04-06T06:13:24.233Z
2021-03-30T00:00:00.000Z,7714,5236525,56.31,22153,4770324,51.3,2021-04-06T06:13:24.233Z
2021-03-31T00:00:00.000Z,8007,5244532,56.4,19256,4789580,51.5,2021-04-06T06:13:24.233Z
2021-04-01T00:00:00.000Z,8030,5252562,56.48,18483,4808063,51.7,2021-04-06T06:13:24.233Z
2021-04-02T00:00:00.000Z,2758,5255320,56.51,7946,4816009,51.79,2021-04-06T06:13:24.233Z
2021-04-03T00:00:00.000Z,1335,5256655,56.53,2866,4818875,51.82,2021-04-06T06:13:24.233Z
2021-04-04T00:00:00.000Z,11738,5268393,56.65,22489,4841364,52.06,2021-04-06T06:13:24.233Z
2021-04-05T00:00:00.000Z,9493,5277886,56.76,20087,4861451,52.28,2021-04-06T06:13:24.233Z
2021-04-06T00:00:00.000Z,0,5277886,56.76,0,4861451,52.28,2021-04-06T06:13:24.233Z
